C:\Users\3203142\miniconda3\envs\tf\python.exe C:/Users/3203142/OneDrive/Stock/PycharmProjects/riverhill/test_rl_macd_min_trading_v2.py
                         Date        Open        High         Low       Close   Volume  Dividends  Stock Splits
0   2023-04-03 09:30:00-04:00  200.639999  200.660004  200.639999  200.660004  9729890        0.0           0.0
1   2023-04-03 09:31:00-04:00  200.626297  201.470001  200.360001  201.229996  1275716        0.0           0.0
2   2023-04-03 09:32:00-04:00  201.210007  201.490005  200.779999  201.054993   811614        0.0           0.0
3   2023-04-03 09:33:00-04:00  201.059402  201.979904  200.130005  201.804993  1251749        0.0           0.0
4   2023-04-03 09:34:00-04:00  201.822601  202.689697  201.770004  202.580002  1264150        0.0           0.0
5   2023-04-03 09:35:00-04:00  202.579498  202.679993  201.279999  201.610001  1033844        0.0           0.0
6   2023-04-03 09:36:00-04:00  201.634995  202.429993  201.330002  202.160995   897744        0.0           0.0
7   2023-04-03 09:37:00-04:00  202.160095  202.210007  200.770004  201.199905   911169        0.0           0.0
8   2023-04-03 09:38:00-04:00  201.150101  201.550003  200.850006  201.039993   597393        0.0           0.0
9   2023-04-03 09:39:00-04:00  201.059998  201.145004  200.250000  200.642807   835057        0.0           0.0
10  2023-04-03 09:40:00-04:00  200.690002  201.039993  199.539993  199.679993  1261233        0.0           0.0
11  2023-04-03 09:41:00-04:00  199.669998  200.419998  199.339996  200.289993   848941        0.0           0.0
12  2023-04-03 09:42:00-04:00  200.279999  200.570007  199.860001  200.151505   675778        0.0           0.0
13  2023-04-03 09:43:00-04:00  200.139999  200.970001  199.860001  200.785004   781228        0.0           0.0
14  2023-04-03 09:44:00-04:00  200.785004  200.809998  200.020004  200.335007   524103        0.0           0.0
15  2023-04-03 09:45:00-04:00  200.320007  200.699997  199.779999  200.011398   699178        0.0           0.0
16  2023-04-03 09:46:00-04:00  200.028503  200.539795  199.773895  200.080002   623424        0.0           0.0
17  2023-04-03 09:47:00-04:00  200.110001  200.850006  199.993500  200.115402   592248        0.0           0.0
18  2023-04-03 09:48:00-04:00  200.110001  200.869995  200.089996  200.639694   553454        0.0           0.0
19  2023-04-03 09:49:00-04:00  200.610001  200.669998  199.889999  200.029999   684234        0.0           0.0
20  2023-04-03 09:50:00-04:00  200.009995  200.110001  198.500000  198.759995  1624313        0.0           0.0
21  2023-04-03 09:51:00-04:00  198.776794  198.820007  197.820007  198.419998  1554725        0.0           0.0
22  2023-04-03 09:52:00-04:00  198.419998  198.460007  197.699997  197.989700   944064        0.0           0.0
23  2023-04-03 09:53:00-04:00  197.988403  198.369995  197.925003  198.110001   661586        0.0           0.0
24  2023-04-03 09:54:00-04:00  198.111099  198.279999  197.899994  198.089996   752153        0.0           0.0
25  2023-04-03 09:55:00-04:00  198.089996  198.110001  197.750000  198.080002   629850        0.0           0.0
26  2023-04-03 09:56:00-04:00  198.100006  198.300003  197.949997  198.250000   563530        0.0           0.0
27  2023-04-03 09:57:00-04:00  198.259903  198.490005  198.070007  198.100006   583339        0.0           0.0
28  2023-04-03 09:58:00-04:00  198.100494  198.500000  197.440002  198.490005  1116613        0.0           0.0
29  2023-04-03 09:59:00-04:00  198.470001  198.500000  197.820007  198.269897   493947        0.0           0.0
30  2023-04-03 10:00:00-04:00  198.289993  198.440002  197.949997  198.234100   611114        0.0           0.0
31  2023-04-03 10:01:00-04:00  198.210495  198.440002  196.190002  197.734604  1497486        0.0           0.0
32  2023-04-03 10:02:00-04:00  197.710007  198.600006  197.675003  198.070007   817146        0.0           0.0
33  2023-04-03 10:03:00-04:00  198.059998  198.279907  197.850006  198.020004   468840        0.0           0.0
34  2023-04-03 10:04:00-04:00  198.020004  198.020004  197.330002  197.699997   548302        0.0           0.0
35  2023-04-03 10:05:00-04:00  197.699997  197.728806  197.199997  197.199997   623867        0.0           0.0
36  2023-04-03 10:06:00-04:00  197.220001  197.369995  196.199997  197.173401   837409        0.0           0.0
37  2023-04-03 10:07:00-04:00  197.169998  197.470001  196.929993  197.179993   651322        0.0           0.0
38  2023-04-03 10:08:00-04:00  197.179993  197.279999  196.990005  197.139893   482957        0.0           0.0
39  2023-04-03 10:09:00-04:00  197.139999  197.559998  196.879593  197.205002   646954        0.0           0.0
40  2023-04-03 10:10:00-04:00  197.160004  197.184998  196.729996  196.809906   516128        0.0           0.0
41  2023-04-03 10:11:00-04:00  196.809998  196.990005  196.460098  196.600006   723792        0.0           0.0
42  2023-04-03 10:12:00-04:00  196.610001  196.669998  196.150894  196.175003   660540        0.0           0.0
43  2023-04-03 10:13:00-04:00  196.169998  196.190002  195.565903  195.800003  1180513        0.0           0.0
44  2023-04-03 10:14:00-04:00  195.781693  196.529999  195.750000  196.180099   829528        0.0           0.0
45  2023-04-03 10:15:00-04:00  196.139999  196.619995  196.139999  196.384506   655149        0.0           0.0
46  2023-04-03 10:16:00-04:00  196.429993  196.850006  196.119995  196.658401   741655        0.0           0.0
47  2023-04-03 10:17:00-04:00  196.649994  196.850006  196.539993  196.842499   517100        0.0           0.0
48  2023-04-03 10:18:00-04:00  196.820007  197.139999  196.729904  197.065399   799432        0.0           0.0
49  2023-04-03 10:19:00-04:00  197.080002  197.779999  197.070099  197.735992   827286        0.0           0.0
50  2023-04-03 10:20:00-04:00  197.729996  197.789993  197.420105  197.425995   539101        0.0           0.0
51  2023-04-03 10:21:00-04:00  197.421204  197.690002  197.339996  197.520004   477200        0.0           0.0
52  2023-04-03 10:22:00-04:00  197.529999  198.029999  197.509995  197.889999   863082        0.0           0.0
53  2023-04-03 10:23:00-04:00  197.889999  198.050003  197.630005  197.800003   651873        0.0           0.0
54  2023-04-03 10:24:00-04:00  197.839996  198.080002  197.759995  198.027100   438868        0.0           0.0
55  2023-04-03 10:25:00-04:00  198.021896  198.229996  197.910004  198.228195   588142        0.0           0.0
56  2023-04-03 10:26:00-04:00  198.229904  198.229904  197.860001  197.949997   474769        0.0           0.0
57  2023-04-03 10:27:00-04:00  197.949997  198.130005  197.633301  197.660004   497522        0.0           0.0
58  2023-04-03 10:28:00-04:00  197.630005  197.939896  197.490005  197.560104   532493        0.0           0.0
59  2023-04-03 10:29:00-04:00  197.570007  197.720001  196.830002  196.949997   740605        0.0           0.0
60  2023-04-03 10:30:00-04:00  196.929993  197.070007  196.720001  196.809998   559694        0.0           0.0
61  2023-04-03 10:31:00-04:00  196.830002  196.899994  196.500000  196.880005   535608        0.0           0.0
62  2023-04-03 10:32:00-04:00  196.875000  196.999893  196.804504  196.981400   356654        0.0           0.0
63  2023-04-03 10:33:00-04:00  196.985001  197.080002  196.553894  196.684998   491408        0.0           0.0
64  2023-04-03 10:34:00-04:00  196.679993  196.990005  196.654999  196.820007   346876        0.0           0.0
65  2023-04-03 10:35:00-04:00  196.809998  197.380005  196.770004  197.345505   547384        0.0           0.0
66  2023-04-03 10:36:00-04:00  197.345901  197.440002  197.130005  197.148407   381371        0.0           0.0
67  2023-04-03 10:37:00-04:00  197.137604  197.289993  196.740097  196.839905   478481        0.0           0.0
68  2023-04-03 10:38:00-04:00  196.830399  196.839996  196.460007  196.550003   545673        0.0           0.0
69  2023-04-03 10:39:00-04:00  196.570007  196.789993  196.480103  196.691101   314626        0.0           0.0
70  2023-04-03 10:40:00-04:00  196.679199  196.740005  196.429993  196.600098   474479        0.0           0.0
71  2023-04-03 10:41:00-04:00  196.624603  197.039902  196.509995  196.520096   479687        0.0           0.0
72  2023-04-03 10:42:00-04:00  196.526306  196.880005  196.500000  196.740005   294716        0.0           0.0
73  2023-04-03 10:43:00-04:00  196.740005  196.934998  196.580002  196.580002   315949        0.0           0.0
74  2023-04-03 10:44:00-04:00  196.580002  196.869705  196.500000  196.529602   360341        0.0           0.0
75  2023-04-03 10:45:00-04:00  196.529999  196.800003  196.460007  196.709595   626068        0.0           0.0
76  2023-04-03 10:46:00-04:00  196.720001  196.889999  196.449997  196.509995   395883        0.0           0.0
77  2023-04-03 10:47:00-04:00  196.500900  196.679993  196.220001  196.221207   473496        0.0           0.0
78  2023-04-03 10:48:00-04:00  196.220001  196.300003  195.889999  196.130005   873902        0.0           0.0
79  2023-04-03 10:49:00-04:00  196.143005  196.190002  195.880005  195.940002   481888        0.0           0.0
80  2023-04-03 10:50:00-04:00  195.930099  196.000000  195.660004  195.676407   741753        0.0           0.0
81  2023-04-03 10:51:00-04:00  195.660004  195.681503  195.649994  195.660004    23475        0.0           0.0
82  2023-04-03 10:52:00-04:00  195.039993  195.399994  195.000000  195.250107  1665756        0.0           0.0
83  2023-04-03 10:53:00-04:00  195.270004  195.339996  195.000000  195.288300   565362        0.0           0.0
84  2023-04-03 10:54:00-04:00  195.289902  195.289902  195.059998  195.070007   367426        0.0           0.0
85  2023-04-03 10:55:00-04:00  195.070007  195.240005  195.000000  195.145004   477063        0.0           0.0
86  2023-04-03 10:56:00-04:00  195.145004  195.240005  195.059998  195.149994   323107        0.0           0.0
87  2023-04-03 10:57:00-04:00  195.119995  195.169998  195.050003  195.050003   291514        0.0           0.0
88  2023-04-03 10:58:00-04:00  195.054993  195.080002  194.600006  194.620499  1218943        0.0           0.0
89  2023-04-03 10:59:00-04:00  194.630005  194.639999  194.229996  194.259094   685515        0.0           0.0
90  2023-04-03 11:00:00-04:00  194.259995  194.970001  194.240005  194.881897   723277        0.0           0.0
91  2023-04-03 11:01:00-04:00  194.880005  195.190002  194.830002  195.050003   535527        0.0           0.0
92  2023-04-03 11:02:00-04:00  195.051895  195.369995  195.010101  195.230103   435681        0.0           0.0
93  2023-04-03 11:03:00-04:00  195.250000  195.330002  194.929993  194.979996   277557        0.0           0.0
94  2023-04-03 11:04:00-04:00  194.748795  194.759995  194.639999  194.659607   524217        0.0           0.0
95  2023-04-03 11:05:00-04:00  194.639999  194.960007  194.501007  194.945007   377665        0.0           0.0
96  2023-04-03 11:06:00-04:00  194.940002  195.000000  194.520004  194.545593   395236        0.0           0.0
97  2023-04-03 11:07:00-04:00  194.553802  194.558395  194.020004  194.169998   721549        0.0           0.0
98  2023-04-03 11:08:00-04:00  194.175095  194.350006  193.830093  194.035004   791830        0.0           0.0
99  2023-04-03 11:09:00-04:00  194.020004  194.449997  193.990005  194.360001   400368        0.0           0.0
100 2023-04-03 11:10:00-04:00  194.368103  194.410004  194.050003  194.122696   304933        0.0           0.0
101 2023-04-03 11:11:00-04:00  194.115005  194.279999  193.949997  194.123505   385555        0.0           0.0
102 2023-04-03 11:12:00-04:00  194.122406  194.660004  194.080002  194.629898   508664        0.0           0.0
103 2023-04-03 11:13:00-04:00  194.619995  194.639999  194.360001  194.389999   344736        0.0           0.0
104 2023-04-03 11:14:00-04:00  194.380005  194.669998  194.300003  194.535004   375802        0.0           0.0
105 2023-04-03 11:15:00-04:00  194.521500  194.859894  194.399994  194.734497   392086        0.0           0.0
106 2023-04-03 11:16:00-04:00  194.729996  194.979904  194.639999  194.889999   430287        0.0           0.0
107 2023-04-03 11:17:00-04:00  194.889999  195.059998  194.860001  194.890396   450359        0.0           0.0
108 2023-04-03 11:18:00-04:00  194.893707  195.059906  194.833893  194.979996   353283        0.0           0.0
109 2023-04-03 11:19:00-04:00  194.979996  195.190002  194.940002  195.128098   350171        0.0           0.0
110 2023-04-03 11:20:00-04:00  195.119995  195.360001  194.979996  195.020004   510150        0.0           0.0
111 2023-04-03 11:21:00-04:00  195.029999  195.050003  194.729996  194.800003   387695        0.0           0.0
112 2023-04-03 11:22:00-04:00  194.779999  194.990005  194.615494  194.639999   402462        0.0           0.0
113 2023-04-03 11:23:00-04:00  194.634903  195.160004  194.634903  194.999893   416912        0.0           0.0
114 2023-04-03 11:24:00-04:00  194.979996  195.080002  194.750000  194.770004   275738        0.0           0.0
115 2023-04-03 11:25:00-04:00  194.759995  194.820007  194.330002  194.656906   497151        0.0           0.0
116 2023-04-03 11:26:00-04:00  194.669998  194.849899  194.470001  194.560104   363176        0.0           0.0
117 2023-04-03 11:27:00-04:00  194.570007  194.899994  194.554993  194.774994   297575        0.0           0.0
118 2023-04-03 11:28:00-04:00  194.774994  194.800003  194.526596  194.658096   277010        0.0           0.0
119 2023-04-03 11:29:00-04:00  194.667999  194.750000  194.500000  194.670105   281929        0.0           0.0
120 2023-04-03 11:30:00-04:00  194.685196  194.889999  194.575806  194.744995   296269        0.0           0.0
121 2023-04-03 11:31:00-04:00  194.735504  194.990005  194.729507  194.940002   318958        0.0           0.0
122 2023-04-03 11:32:00-04:00  194.929993  194.960007  194.529999  194.619995   278748        0.0           0.0
123 2023-04-03 11:33:00-04:00  194.619003  194.669998  194.229996  194.330002   474404        0.0           0.0
124 2023-04-03 11:34:00-04:00  194.320007  194.339996  193.850006  194.195007   717306        0.0           0.0
125 2023-04-03 11:35:00-04:00  194.195496  194.535004  194.190002  194.535004   357354        0.0           0.0
126 2023-04-03 11:36:00-04:00  194.549896  194.567596  194.259995  194.270004   319779        0.0           0.0
127 2023-04-03 11:37:00-04:00  194.270004  194.500000  194.119995  194.479996   366503        0.0           0.0
128 2023-04-03 11:38:00-04:00  194.490005  194.639999  194.330002  194.360001   318023        0.0           0.0
129 2023-04-03 11:39:00-04:00  194.369995  194.580002  194.149994  194.535004   295065        0.0           0.0
130 2023-04-03 11:40:00-04:00  194.544403  194.600006  194.300003  194.345001   256329        0.0           0.0
131 2023-04-03 11:41:00-04:00  194.360001  194.500000  194.199997  194.202698   244073        0.0           0.0
132 2023-04-03 11:42:00-04:00  194.206497  194.439606  194.206497  194.289993   210415        0.0           0.0
133 2023-04-03 11:43:00-04:00  194.285004  194.300003  194.000000  194.259903   478567        0.0           0.0
134 2023-04-03 11:44:00-04:00  194.274994  194.389999  193.889999  193.899994   485703        0.0           0.0
135 2023-04-03 11:45:00-04:00  193.916794  194.360001  193.839996  194.050003   401419        0.0           0.0
136 2023-04-03 11:46:00-04:00  194.059998  194.349899  194.010101  194.160004   247723        0.0           0.0
137 2023-04-03 11:47:00-04:00  194.160004  194.570007  194.139999  194.259995   401609        0.0           0.0
138 2023-04-03 11:48:00-04:00  194.250000  194.529999  194.250000  194.328201   287473        0.0           0.0
139 2023-04-03 11:49:00-04:00  194.330002  194.610001  194.270004  194.486206   345720        0.0           0.0
140 2023-04-03 11:50:00-04:00  194.490005  194.509995  194.210098  194.273605   243182        0.0           0.0
141 2023-04-03 11:51:00-04:00  194.268005  194.360001  194.190094  194.360001   219217        0.0           0.0
142 2023-04-03 11:52:00-04:00  194.359894  194.360001  194.020004  194.085007   230938        0.0           0.0
143 2023-04-03 11:53:00-04:00  194.085297  194.369995  194.039993  194.089996   259669        0.0           0.0
144 2023-04-03 11:54:00-04:00  194.100296  194.289993  194.020004  194.179993   218756        0.0           0.0
145 2023-04-03 11:55:00-04:00  194.169998  194.550003  194.151794  194.429993   332103        0.0           0.0
146 2023-04-03 11:56:00-04:00  194.455002  194.690002  194.320099  194.619995   260722        0.0           0.0
147 2023-04-03 11:57:00-04:00  194.619995  194.869995  194.589996  194.770203   418927        0.0           0.0
148 2023-04-03 11:58:00-04:00  194.770996  194.850006  194.630005  194.759995   246277        0.0           0.0
149 2023-04-03 11:59:00-04:00  194.759995  194.949997  194.649994  194.889999   274520        0.0           0.0
150 2023-04-03 12:00:00-04:00  194.889999  194.889999  194.627106  194.653000   219994        0.0           0.0
151 2023-04-03 12:01:00-04:00  194.649994  194.789993  194.500000  194.759995   277196        0.0           0.0
152 2023-04-03 12:02:00-04:00  194.770004  194.940002  194.601105  194.885406   239914        0.0           0.0
153 2023-04-03 12:03:00-04:00  194.885406  195.029999  194.767395  194.994995   361561        0.0           0.0
154 2023-04-03 12:04:00-04:00  195.020004  195.089905  194.809998  194.860001   282683        0.0           0.0
155 2023-04-03 12:05:00-04:00  194.866501  194.899994  194.690002  194.710098   178832        0.0           0.0
156 2023-04-03 12:06:00-04:00  194.700104  194.854507  194.580002  194.800507   237009        0.0           0.0
157 2023-04-03 12:07:00-04:00  194.820007  195.089996  194.800003  195.051605   347251        0.0           0.0
158 2023-04-03 12:08:00-04:00  195.054993  195.189896  194.919998  195.119995   317350        0.0           0.0
159 2023-04-03 12:09:00-04:00  195.127106  195.330002  195.110001  195.149994   382670        0.0           0.0
160 2023-04-03 12:10:00-04:00  195.141403  195.360001  195.119995  195.279999   314298        0.0           0.0
161 2023-04-03 12:11:00-04:00  195.285004  195.600006  195.279999  195.531494   423798        0.0           0.0
162 2023-04-03 12:12:00-04:00  195.544495  195.809006  195.529999  195.729996   466281        0.0           0.0
163 2023-04-03 12:13:00-04:00  195.720093  195.820007  195.500000  195.630005   332206        0.0           0.0
164 2023-04-03 12:14:00-04:00  195.590393  195.839996  195.590393  195.669998   295699        0.0           0.0
165 2023-04-03 12:15:00-04:00  195.669998  195.960007  195.660004  195.925003   318270        0.0           0.0
166 2023-04-03 12:16:00-04:00  195.929001  196.039993  195.750000  195.770004   475766        0.0           0.0
167 2023-04-03 12:17:00-04:00  195.785004  195.830002  195.550003  195.649994   410431        0.0           0.0
168 2023-04-03 12:18:00-04:00  195.645203  195.679993  195.250000  195.360001   375689        0.0           0.0
169 2023-04-03 12:19:00-04:00  195.355301  195.663498  195.240005  195.425003   263285        0.0           0.0
170 2023-04-03 12:20:00-04:00  195.425003  195.619995  195.399994  195.404907   237314        0.0           0.0
171 2023-04-03 12:21:00-04:00  195.410004  195.440002  195.139999  195.139999   274747        0.0           0.0
172 2023-04-03 12:22:00-04:00  195.145004  195.160004  194.929993  194.940002   371319        0.0           0.0
173 2023-04-03 12:23:00-04:00  194.949997  195.179993  194.830002  195.111404   363809        0.0           0.0
174 2023-04-03 12:24:00-04:00  195.119995  195.339996  195.100006  195.169998   312853        0.0           0.0
175 2023-04-03 12:25:00-04:00  195.169998  195.369995  195.122803  195.339996   222140        0.0           0.0
176 2023-04-03 12:26:00-04:00  195.330002  195.649994  195.252594  195.619995   399184        0.0           0.0
177 2023-04-03 12:27:00-04:00  195.617599  195.660004  195.479996  195.645004   276332        0.0           0.0
178 2023-04-03 12:28:00-04:00  195.630005  195.869995  195.630005  195.718903   321809        0.0           0.0
179 2023-04-03 12:29:00-04:00  195.717102  195.740005  195.500000  195.562500   246112        0.0           0.0
180 2023-04-03 12:30:00-04:00  195.559998  195.559998  195.225006  195.369904   289144        0.0           0.0
181 2023-04-03 12:31:00-04:00  195.339996  195.440002  195.259995  195.309998   197703        0.0           0.0
182 2023-04-03 12:32:00-04:00  195.300003  195.600006  195.140106  195.520004   306694        0.0           0.0
183 2023-04-03 12:33:00-04:00  195.514999  195.600006  195.279999  195.324997   192094        0.0           0.0
184 2023-04-03 12:34:00-04:00  195.329895  195.479996  195.300003  195.400101   142093        0.0           0.0
185 2023-04-03 12:35:00-04:00  195.410004  195.559998  195.229996  195.250000   212102        0.0           0.0
186 2023-04-03 12:36:00-04:00  195.252396  195.539993  195.250000  195.408401   225008        0.0           0.0
187 2023-04-03 12:37:00-04:00  195.410004  195.580002  195.384003  195.470001   177010        0.0           0.0
188 2023-04-03 12:38:00-04:00  195.470001  195.639999  195.350006  195.511993   206643        0.0           0.0
189 2023-04-03 12:39:00-04:00  195.535004  195.570007  195.414993  195.500000   142367        0.0           0.0
190 2023-04-03 12:40:00-04:00  195.505493  195.509995  195.279999  195.320099   158855        0.0           0.0
191 2023-04-03 12:41:00-04:00  195.349899  195.552902  195.229996  195.440002   248614        0.0           0.0
192 2023-04-03 12:42:00-04:00  195.441696  195.498001  195.289993  195.320007   187652        0.0           0.0
193 2023-04-03 12:43:00-04:00  195.320007  195.410004  195.100006  195.100098   215628        0.0           0.0
194 2023-04-03 12:44:00-04:00  195.119995  195.240005  194.850006  195.184296   438180        0.0           0.0
195 2023-04-03 12:45:00-04:00  195.179993  195.490005  195.089996  195.389999   237669        0.0           0.0
196 2023-04-03 12:46:00-04:00  195.389999  195.408096  195.149994  195.169098   140986        0.0           0.0
197 2023-04-03 12:47:00-04:00  195.150299  195.289993  195.120300  195.149994   161792        0.0           0.0
198 2023-04-03 12:48:00-04:00  195.160004  195.379501  195.150101  195.160004   156633        0.0           0.0
199 2023-04-03 12:49:00-04:00  195.169998  195.259506  195.089996  195.110001   160005        0.0           0.0
200 2023-04-03 12:50:00-04:00  195.130005  195.199997  194.990005  195.159897   255788        0.0           0.0
201 2023-04-03 12:51:00-04:00  195.145004  195.259995  195.110001  195.220001   206944        0.0           0.0
202 2023-04-03 12:52:00-04:00  195.220001  195.293701  195.095001  195.199997   197056        0.0           0.0
203 2023-04-03 12:53:00-04:00  195.190002  195.190002  194.850006  194.850006   279851        0.0           0.0
204 2023-04-03 12:54:00-04:00  194.839996  194.929993  194.690002  194.749893   306289        0.0           0.0
205 2023-04-03 12:55:00-04:00  194.721695  194.735001  194.500000  194.554092   288851        0.0           0.0
206 2023-04-03 12:56:00-04:00  194.544998  194.779999  194.470001  194.684998   278571        0.0           0.0
207 2023-04-03 12:57:00-04:00  194.685501  194.729996  194.531906  194.539993   160971        0.0           0.0
208 2023-04-03 12:58:00-04:00  194.548096  194.548096  194.320007  194.444794   284950        0.0           0.0
209 2023-04-03 12:59:00-04:00  194.429993  194.460007  194.300003  194.329498   182696        0.0           0.0
210 2023-04-03 13:00:00-04:00  194.320007  194.348694  194.100006  194.110001   344273        0.0           0.0
211 2023-04-03 13:01:00-04:00  194.110001  194.248596  194.009995  194.039993   337887        0.0           0.0
212 2023-04-03 13:02:00-04:00  194.050003  194.220001  193.940002  194.005005   577323        0.0           0.0
213 2023-04-03 13:03:00-04:00  194.003998  194.329697  193.962006  194.288300   357642        0.0           0.0
214 2023-04-03 13:04:00-04:00  194.289902  194.369995  194.130005  194.145004   218897        0.0           0.0
215 2023-04-03 13:05:00-04:00  194.145004  194.169907  194.000000  194.020493   249737        0.0           0.0
216 2023-04-03 13:06:00-04:00  194.020096  194.109894  193.869995  193.871597   277896        0.0           0.0
217 2023-04-03 13:07:00-04:00  193.870102  193.970001  193.580002  193.884995   687968        0.0           0.0
218 2023-04-03 13:08:00-04:00  193.889999  194.309998  193.880005  194.133301   508061        0.0           0.0
219 2023-04-03 13:09:00-04:00  194.119995  194.380005  194.119995  194.304993   335515        0.0           0.0
220 2023-04-03 13:10:00-04:00  194.300003  194.440002  194.289993  194.339996   296364        0.0           0.0
221 2023-04-03 13:11:00-04:00  194.339996  194.498001  194.250000  194.380005   333076        0.0           0.0
222 2023-04-03 13:12:00-04:00  194.369904  194.429993  194.250000  194.289001   212764        0.0           0.0
223 2023-04-03 13:13:00-04:00  194.270004  194.479996  194.169998  194.348907   250088        0.0           0.0
224 2023-04-03 13:14:00-04:00  194.345505  194.389999  194.220001  194.229996   135399        0.0           0.0
225 2023-04-03 13:15:00-04:00  194.240005  194.259903  194.020004  194.165695   270679        0.0           0.0
226 2023-04-03 13:16:00-04:00  194.167297  194.300003  194.000000  194.013702   245785        0.0           0.0
227 2023-04-03 13:17:00-04:00  194.029999  194.059998  193.800797  193.959900   300362        0.0           0.0
228 2023-04-03 13:18:00-04:00  193.955505  194.089996  193.869995  193.945007   296383        0.0           0.0
229 2023-04-03 13:19:00-04:00  193.940002  194.089905  193.860001  194.039993   203215        0.0           0.0
230 2023-04-03 13:20:00-04:00  194.035706  194.289993  193.990005  194.289795   230012        0.0           0.0
231 2023-04-03 13:21:00-04:00  194.280106  194.329895  193.889999  193.998306   401654        0.0           0.0
232 2023-04-03 13:22:00-04:00  193.970093  194.108200  193.919998  194.070007   203039        0.0           0.0
233 2023-04-03 13:23:00-04:00  194.080002  194.179993  194.009995  194.095505   199250        0.0           0.0
234 2023-04-03 13:24:00-04:00  194.109894  194.109894  194.000000  194.042206   169894        0.0           0.0
235 2023-04-03 13:25:00-04:00  194.035004  194.169998  193.860001  194.059998   338829        0.0           0.0
236 2023-04-03 13:26:00-04:00  194.059998  194.059998  193.610001  193.789993   399971        0.0           0.0
237 2023-04-03 13:27:00-04:00  193.789993  193.889999  193.600006  193.669998   301607        0.0           0.0
238 2023-04-03 13:28:00-04:00  193.679993  193.687302  193.279999  193.330002   599086        0.0           0.0
239 2023-04-03 13:29:00-04:00  193.321899  193.339996  193.149994  193.229904   406262        0.0           0.0
240 2023-04-03 13:30:00-04:00  193.225006  193.429993  193.169998  193.380005   321430        0.0           0.0
241 2023-04-03 13:31:00-04:00  193.380005  193.389999  193.020004  193.050003   377926        0.0           0.0
242 2023-04-03 13:32:00-04:00  193.059998  193.269897  192.880005  193.258194   819546        0.0           0.0
243 2023-04-03 13:33:00-04:00  193.259995  193.460007  193.250000  193.307297   337828        0.0           0.0
244 2023-04-03 13:34:00-04:00  193.300598  193.449997  193.229996  193.419907   283380        0.0           0.0
245 2023-04-03 13:35:00-04:00  193.410507  193.429993  193.300003  193.369995   193028        0.0           0.0
246 2023-04-03 13:36:00-04:00  193.369995  193.619995  193.300095  193.529999   355454        0.0           0.0
247 2023-04-03 13:37:00-04:00  193.530106  193.660004  193.339996  193.354996   273222        0.0           0.0
248 2023-04-03 13:38:00-04:00  193.350098  193.479904  193.210007  193.460007   215184        0.0           0.0
249 2023-04-03 13:39:00-04:00  193.460007  193.578903  193.410004  193.441101   184461        0.0           0.0
250 2023-04-03 13:40:00-04:00  193.440002  193.449997  193.210007  193.250000   227742        0.0           0.0
251 2023-04-03 13:41:00-04:00  193.210007  193.250000  193.000000  193.029999   358219        0.0           0.0
252 2023-04-03 13:42:00-04:00  193.020004  193.050003  192.720001  192.830002   472439        0.0           0.0
253 2023-04-03 13:43:00-04:00  192.841400  192.899994  192.750000  192.839905   318192        0.0           0.0
254 2023-04-03 13:44:00-04:00  192.830002  192.940002  192.800003  192.901398   230279        0.0           0.0
255 2023-04-03 13:45:00-04:00  192.891602  192.940002  192.740005  192.789993   281597        0.0           0.0
256 2023-04-03 13:46:00-04:00  192.779999  192.779999  192.350006  192.389999   559450        0.0           0.0
257 2023-04-03 13:47:00-04:00  192.389999  192.690002  192.279999  192.671204   471056        0.0           0.0
258 2023-04-03 13:48:00-04:00  192.679993  192.701096  192.369995  192.470001   428604        0.0           0.0
259 2023-04-03 13:49:00-04:00  192.470001  192.550003  192.421494  192.429993   223038        0.0           0.0
260 2023-04-03 13:50:00-04:00  192.440002  192.759995  192.380493  192.686005   325690        0.0           0.0
261 2023-04-03 13:51:00-04:00  192.661301  192.789993  192.610001  192.655396   336028        0.0           0.0
262 2023-04-03 13:52:00-04:00  192.660004  192.779999  192.550003  192.601593   236504        0.0           0.0
263 2023-04-03 13:53:00-04:00  192.611694  192.619995  192.309998  192.360992   274637        0.0           0.0
264 2023-04-03 13:54:00-04:00  192.351593  192.539993  192.309998  192.500000   254118        0.0           0.0
265 2023-04-03 13:55:00-04:00  192.508408  192.520004  192.300003  192.301895   298259        0.0           0.0
266 2023-04-03 13:56:00-04:00  192.315002  192.748993  192.199997  192.729996   533015        0.0           0.0
267 2023-04-03 13:57:00-04:00  192.729996  192.919998  192.720001  192.828598   346816        0.0           0.0
268 2023-04-03 13:58:00-04:00  192.809998  192.820007  192.600006  192.639893   270277        0.0           0.0
269 2023-04-03 13:59:00-04:00  192.652206  192.800003  192.623795  192.690094   244508        0.0           0.0
270 2023-04-03 14:00:00-04:00  192.705002  192.710007  192.550003  192.585007   238483        0.0           0.0
271 2023-04-03 14:01:00-04:00  192.574402  192.699997  192.516006  192.610001   240848        0.0           0.0
272 2023-04-03 14:02:00-04:00  192.619995  192.679901  192.410004  192.449997   296090        0.0           0.0
273 2023-04-03 14:03:00-04:00  192.441193  192.649902  192.271393  192.511093   415873        0.0           0.0
274 2023-04-03 14:04:00-04:00  192.511093  192.514999  192.240005  192.250000   255274        0.0           0.0
275 2023-04-03 14:05:00-04:00  192.250000  192.410004  192.199997  192.354996   403387        0.0           0.0
276 2023-04-03 14:06:00-04:00  192.366196  192.529999  192.261200  192.380005   260810        0.0           0.0
277 2023-04-03 14:07:00-04:00  192.388901  192.630005  192.360001  192.565094   248171        0.0           0.0
278 2023-04-03 14:08:00-04:00  192.559998  192.830002  192.520004  192.781296   367805        0.0           0.0
279 2023-04-03 14:09:00-04:00  192.779999  192.919998  192.639999  192.640701   315310        0.0           0.0
280 2023-04-03 14:10:00-04:00  192.619995  192.805603  192.501404  192.714096   276676        0.0           0.0
281 2023-04-03 14:11:00-04:00  192.710007  193.029999  192.710007  192.960007   388994        0.0           0.0
282 2023-04-03 14:12:00-04:00  192.960007  192.990005  192.809998  192.940002   220368        0.0           0.0
283 2023-04-03 14:13:00-04:00  192.969894  193.089905  192.889999  192.889999   280534        0.0           0.0
284 2023-04-03 14:14:00-04:00  192.914993  193.020004  192.830002  192.831299   230197        0.0           0.0
285 2023-04-03 14:15:00-04:00  192.848404  192.860001  192.639999  192.740005   248288        0.0           0.0
286 2023-04-03 14:16:00-04:00  192.729996  193.000000  192.649994  192.990005   258399        0.0           0.0
287 2023-04-03 14:17:00-04:00  192.990005  193.000000  192.770004  192.771301   228998        0.0           0.0
288 2023-04-03 14:18:00-04:00  192.779999  192.979996  192.759995  192.910004   179972        0.0           0.0
289 2023-04-03 14:19:00-04:00  192.925903  193.259995  192.860001  193.170197   356386        0.0           0.0
290 2023-04-03 14:20:00-04:00  193.176895  193.179901  193.003403  193.059998   201231        0.0           0.0
291 2023-04-03 14:21:00-04:00  193.050003  193.240005  192.949997  193.137497   308633        0.0           0.0
292 2023-04-03 14:22:00-04:00  193.139999  193.259995  193.110001  193.169693   229642        0.0           0.0
293 2023-04-03 14:23:00-04:00  193.149094  193.179993  193.039993  193.149902   150190        0.0           0.0
294 2023-04-03 14:24:00-04:00  193.130005  193.339996  193.122604  193.324997   270078        0.0           0.0
295 2023-04-03 14:25:00-04:00  193.314896  193.500000  193.279999  193.485992   306790        0.0           0.0
296 2023-04-03 14:26:00-04:00  193.479996  193.720001  193.389999  193.641907   423916        0.0           0.0
297 2023-04-03 14:27:00-04:00  193.639999  193.679993  193.340698  193.410004   390879        0.0           0.0
298 2023-04-03 14:28:00-04:00  193.414993  193.500000  193.259995  193.460007   267133        0.0           0.0
299 2023-04-03 14:29:00-04:00  193.449997  193.619995  193.399994  193.420105   248196        0.0           0.0
300 2023-04-03 14:30:00-04:00  193.440002  193.669998  193.351303  193.431595   278152        0.0           0.0
301 2023-04-03 14:31:00-04:00  193.449905  193.449905  193.149994  193.262894   289186        0.0           0.0
302 2023-04-03 14:32:00-04:00  193.259995  193.530594  193.259995  193.490005   245222        0.0           0.0
303 2023-04-03 14:33:00-04:00  193.494995  193.500000  193.389999  193.410004   136509        0.0           0.0
304 2023-04-03 14:34:00-04:00  193.410004  193.520004  193.300003  193.520004   217386        0.0           0.0
305 2023-04-03 14:35:00-04:00  193.509995  193.779999  193.500000  193.679901   365077        0.0           0.0
306 2023-04-03 14:36:00-04:00  193.669998  193.839996  193.589996  193.677994   307710        0.0           0.0
307 2023-04-03 14:37:00-04:00  193.670197  193.787994  193.630005  193.663696   203247        0.0           0.0
308 2023-04-03 14:38:00-04:00  193.660004  193.759995  193.622299  193.699905   212513        0.0           0.0
309 2023-04-03 14:39:00-04:00  193.699905  193.919693  193.630005  193.710007   357491        0.0           0.0
310 2023-04-03 14:40:00-04:00  193.719803  193.879898  193.550003  193.813004   302408        0.0           0.0
311 2023-04-03 14:41:00-04:00  193.809998  193.899994  193.610001  193.664001   273477        0.0           0.0
312 2023-04-03 14:42:00-04:00  193.669998  193.720001  193.509995  193.535294   315874        0.0           0.0
313 2023-04-03 14:43:00-04:00  193.512299  193.570007  193.399994  193.472595   262016        0.0           0.0
314 2023-04-03 14:44:00-04:00  193.460007  193.529999  193.300003  193.470093   220388        0.0           0.0
315 2023-04-03 14:45:00-04:00  193.460007  193.770294  193.460007  193.684998   293150        0.0           0.0
316 2023-04-03 14:46:00-04:00  193.690002  194.001999  193.619995  193.988007   534953        0.0           0.0
317 2023-04-03 14:47:00-04:00  193.985001  194.130005  193.910004  194.100006   324242        0.0           0.0
318 2023-04-03 14:48:00-04:00  194.105606  194.205002  194.001694  194.085007   365597        0.0           0.0
319 2023-04-03 14:49:00-04:00  194.080002  194.169998  194.039993  194.101501   264364        0.0           0.0
320 2023-04-03 14:50:00-04:00  194.100006  194.315994  194.039993  194.300003   328169        0.0           0.0
321 2023-04-03 14:51:00-04:00  194.300003  194.410004  194.220001  194.390503   366958        0.0           0.0
322 2023-04-03 14:52:00-04:00  194.390198  194.419998  194.149994  194.230103   369597        0.0           0.0
323 2023-04-03 14:53:00-04:00  194.237106  194.270004  194.009995  194.037003   242459        0.0           0.0
324 2023-04-03 14:54:00-04:00  194.029999  194.064194  193.839996  193.910095   386808        0.0           0.0
325 2023-04-03 14:55:00-04:00  193.919907  194.339996  193.914902  194.270996   354375        0.0           0.0
326 2023-04-03 14:56:00-04:00  194.289993  194.488998  194.210007  194.330002   325308        0.0           0.0
327 2023-04-03 14:57:00-04:00  194.339996  194.429993  194.110001  194.119995   305982        0.0           0.0
328 2023-04-03 14:58:00-04:00  194.124893  194.300003  194.072006  194.184998   203788        0.0           0.0
329 2023-04-03 14:59:00-04:00  194.199997  194.320007  194.169998  194.300003   132753        0.0           0.0
330 2023-04-03 15:00:00-04:00  194.313995  194.509995  194.309998  194.330002   364095        0.0           0.0
331 2023-04-03 15:01:00-04:00  194.330002  194.330002  194.110001  194.212006   255923        0.0           0.0
332 2023-04-03 15:02:00-04:00  194.220001  194.440002  194.200104  194.410004   241328        0.0           0.0
333 2023-04-03 15:03:00-04:00  194.399994  194.479996  194.279999  194.324997   237993        0.0           0.0
334 2023-04-03 15:04:00-04:00  194.320007  194.320007  194.059998  194.154999   256569        0.0           0.0
335 2023-04-03 15:05:00-04:00  194.169998  194.574997  194.169998  194.510300   392898        0.0           0.0
336 2023-04-03 15:06:00-04:00  194.510803  194.720001  194.509995  194.559998   408986        0.0           0.0
337 2023-04-03 15:07:00-04:00  194.570007  194.599899  194.169998  194.210007   405735        0.0           0.0
338 2023-04-03 15:08:00-04:00  194.210007  194.369995  194.020004  194.169998   359390        0.0           0.0
339 2023-04-03 15:09:00-04:00  194.189194  194.329895  194.160004  194.318405   239604        0.0           0.0
340 2023-04-03 15:10:00-04:00  194.315002  194.380005  194.169998  194.225006   230701        0.0           0.0
341 2023-04-03 15:11:00-04:00  194.204895  194.460007  194.199997  194.381500   224583        0.0           0.0
342 2023-04-03 15:12:00-04:00  194.380005  194.529907  194.330002  194.470001   226245        0.0           0.0
343 2023-04-03 15:13:00-04:00  194.477997  194.499893  194.300003  194.380005   235119        0.0           0.0
344 2023-04-03 15:14:00-04:00  194.380005  194.468094  194.300003  194.350006   150485        0.0           0.0
345 2023-04-03 15:15:00-04:00  194.340698  194.550003  194.340698  194.505798   235838        0.0           0.0
346 2023-04-03 15:16:00-04:00  194.505005  194.539993  194.311493  194.379898   202435        0.0           0.0
347 2023-04-03 15:17:00-04:00  194.389999  194.490005  194.339996  194.449997   170992        0.0           0.0
348 2023-04-03 15:18:00-04:00  194.449997  194.669998  194.429993  194.649994   259220        0.0           0.0
349 2023-04-03 15:19:00-04:00  194.641800  194.699997  194.570007  194.699997   260786        0.0           0.0
350 2023-04-03 15:20:00-04:00  194.690002  194.800003  194.610901  194.740005   365328        0.0           0.0
351 2023-04-03 15:21:00-04:00  194.735001  194.800003  194.559998  194.593796   307824        0.0           0.0
352 2023-04-03 15:22:00-04:00  194.589996  194.770004  194.589996  194.710403   196689        0.0           0.0
353 2023-04-03 15:23:00-04:00  194.729996  194.759995  194.500000  194.634995   264403        0.0           0.0
354 2023-04-03 15:24:00-04:00  194.630005  194.639999  194.429993  194.481995   257395        0.0           0.0
355 2023-04-03 15:25:00-04:00  194.490005  194.690002  194.462296  194.589996   218768        0.0           0.0
356 2023-04-03 15:26:00-04:00  194.600006  194.608200  194.380005  194.460007   339441        0.0           0.0
357 2023-04-03 15:27:00-04:00  194.462402  194.588104  194.309998  194.330002   265954        0.0           0.0
358 2023-04-03 15:28:00-04:00  194.330002  194.500000  194.149994  194.324997   477842        0.0           0.0
359 2023-04-03 15:29:00-04:00  194.339996  194.460007  194.259995  194.350098   253413        0.0           0.0
360 2023-04-03 15:30:00-04:00  194.345993  194.419998  194.210007  194.244995   250230        0.0           0.0
361 2023-04-03 15:31:00-04:00  194.235001  194.449997  194.160004  194.449997   305508        0.0           0.0
362 2023-04-03 15:32:00-04:00  194.441498  194.740005  194.440094  194.615005   414108        0.0           0.0
363 2023-04-03 15:33:00-04:00  194.604507  194.800003  194.580002  194.759995   291291        0.0           0.0
364 2023-04-03 15:34:00-04:00  194.759995  194.779999  194.550003  194.690002   260984        0.0           0.0
365 2023-04-03 15:35:00-04:00  194.699997  194.960007  194.589996  194.959702   322996        0.0           0.0
366 2023-04-03 15:36:00-04:00  194.949997  195.059998  194.820007  194.910095   434043        0.0           0.0
367 2023-04-03 15:37:00-04:00  194.929993  194.979996  194.809998  194.854996   288741        0.0           0.0
368 2023-04-03 15:38:00-04:00  194.820007  194.889999  194.580002  194.625000   360270        0.0           0.0
369 2023-04-03 15:39:00-04:00  194.625000  194.669998  194.369995  194.370102   395094        0.0           0.0
370 2023-04-03 15:40:00-04:00  194.369995  194.610001  194.320007  194.354996   333078        0.0           0.0
371 2023-04-03 15:41:00-04:00  194.339996  194.484406  194.309998  194.431107   265138        0.0           0.0
372 2023-04-03 15:42:00-04:00  194.440002  194.727997  194.429993  194.677994   288192        0.0           0.0
373 2023-04-03 15:43:00-04:00  194.679993  194.800003  194.559998  194.690002   276610        0.0           0.0
374 2023-04-03 15:44:00-04:00  194.699997  194.770004  194.610199  194.710007   196012        0.0           0.0
375 2023-04-03 15:45:00-04:00  194.699997  194.849899  194.690002  194.798996   275177        0.0           0.0
376 2023-04-03 15:46:00-04:00  194.789993  194.960007  194.710007  194.794205   362251        0.0           0.0
377 2023-04-03 15:47:00-04:00  194.789993  194.919998  194.710007  194.750000   261887        0.0           0.0
378 2023-04-03 15:48:00-04:00  194.760696  194.830002  194.679993  194.792007   243359        0.0           0.0
379 2023-04-03 15:49:00-04:00  194.789993  194.848404  194.660004  194.718399   239957        0.0           0.0
380 2023-04-03 15:50:00-04:00  194.720001  194.779999  194.369995  194.615997   483789        0.0           0.0
381 2023-04-03 15:51:00-04:00  194.610794  194.779999  194.589996  194.711395   322161        0.0           0.0
382 2023-04-03 15:52:00-04:00  194.720001  194.830002  194.509995  194.619995   276999        0.0           0.0
383 2023-04-03 15:53:00-04:00  194.619995  194.740005  194.550003  194.700302   283449        0.0           0.0
384 2023-04-03 15:54:00-04:00  194.710007  194.850006  194.630005  194.839996   342886        0.0           0.0
385 2023-04-03 15:55:00-04:00  194.830002  195.279999  194.830002  195.210007   765674        0.0           0.0
386 2023-04-03 15:56:00-04:00  195.184998  195.289993  195.110001  195.160004   443248        0.0           0.0
387 2023-04-03 15:57:00-04:00  195.160004  195.289993  195.130005  195.160095   428541        0.0           0.0
388 2023-04-03 15:58:00-04:00  195.164993  195.199997  194.960007  194.975006   592486        0.0           0.0
389 2023-04-03 15:59:00-04:00  194.970001  194.979996  194.550003  194.699997   996606        0.0           0.0
390 2023-04-04 09:30:00-04:00  197.320007  197.490005  196.470001  197.156693  4307783        0.0           0.0
391 2023-04-04 09:31:00-04:00  197.119995  198.089996  197.089996  198.038300  1088717        0.0           0.0
392 2023-04-04 09:32:00-04:00  198.035004  198.259995  196.960007  197.429993   970514        0.0           0.0
393 2023-04-04 09:33:00-04:00  197.435196  198.470001  197.289993  198.255005  1081377        0.0           0.0
394 2023-04-04 09:34:00-04:00  198.250000  198.744598  198.179993  198.440002   895535        0.0           0.0
395 2023-04-04 09:35:00-04:00  198.429993  198.500000  197.806900  198.240005   665373        0.0           0.0
396 2023-04-04 09:36:00-04:00  198.229996  198.440002  197.929993  198.199997   587504        0.0           0.0
397 2023-04-04 09:37:00-04:00  198.214005  198.500000  198.009995  198.140106   525297        0.0           0.0
398 2023-04-04 09:38:00-04:00  198.169998  198.320007  198.000000  198.029999   490271        0.0           0.0
399 2023-04-04 09:39:00-04:00  198.039993  198.054993  196.624695  196.760101  1092295        0.0           0.0
400 2023-04-04 09:40:00-04:00  196.776001  196.820007  195.619995  196.035004  1084533        0.0           0.0
401 2023-04-04 09:41:00-04:00  196.050003  196.050003  195.270004  195.339996   724645        0.0           0.0
402 2023-04-04 09:42:00-04:00  195.339996  195.800003  195.300003  195.380005   645734        0.0           0.0
403 2023-04-04 09:43:00-04:00  195.389999  195.419998  194.429993  194.560104  1120034        0.0           0.0
404 2023-04-04 09:44:00-04:00  194.600006  194.699997  193.949997  194.100006  1053414        0.0           0.0
405 2023-04-04 09:45:00-04:00  194.080002  194.360001  193.669998  194.089996   968934        0.0           0.0
406 2023-04-04 09:46:00-04:00  194.108307  194.470001  194.000000  194.086197   782327        0.0           0.0
407 2023-04-04 09:47:00-04:00  194.089996  194.360001  193.800003  193.959000   715954        0.0           0.0
408 2023-04-04 09:48:00-04:00  193.949997  194.300003  193.800003  194.078705   695388        0.0           0.0
409 2023-04-04 09:49:00-04:00  194.070007  194.199707  193.740005  194.154999   555428        0.0           0.0
410 2023-04-04 09:50:00-04:00  194.157593  194.339905  193.470001  193.830002   941895        0.0           0.0
411 2023-04-04 09:51:00-04:00  193.839996  194.199997  193.720001  193.849106   621459        0.0           0.0
412 2023-04-04 09:52:00-04:00  193.849899  194.119995  193.550598  193.589996   589688        0.0           0.0
413 2023-04-04 09:53:00-04:00  193.580994  194.059204  193.490005  193.849899   498074        0.0           0.0
414 2023-04-04 09:54:00-04:00  193.850006  194.110001  193.820007  193.871704   348622        0.0           0.0
415 2023-04-04 09:55:00-04:00  194.089996  194.339996  194.040100  194.199997   699544        0.0           0.0
416 2023-04-04 09:56:00-04:00  194.190094  194.710007  194.179993  194.537704   801379        0.0           0.0
417 2023-04-04 09:57:00-04:00  194.520004  194.800003  194.380005  194.723099   507687        0.0           0.0
418 2023-04-04 09:58:00-04:00  194.729996  195.199997  194.710007  195.100204   734363        0.0           0.0
419 2023-04-04 09:59:00-04:00  195.110001  195.279999  194.839996  194.979996   579822        0.0           0.0
420 2023-04-04 10:00:00-04:00  194.979996  195.580002  194.889999  195.490005   854757        0.0           0.0
421 2023-04-04 10:01:00-04:00  195.492493  195.600006  195.169998  195.270096   635032        0.0           0.0
422 2023-04-04 10:02:00-04:00  195.285004  195.380005  195.050003  195.210007   411391        0.0           0.0
423 2023-04-04 10:03:00-04:00  195.197205  195.229996  194.460007  194.770004   689521        0.0           0.0
424 2023-04-04 10:04:00-04:00  194.789993  195.199997  194.440002  195.190002   641577        0.0           0.0
425 2023-04-04 10:05:00-04:00  195.190002  195.460007  194.750000  194.910004   509113        0.0           0.0
426 2023-04-04 10:06:00-04:00  194.929993  195.190002  194.714996  194.720001   361324        0.0           0.0
427 2023-04-04 10:07:00-04:00  194.717102  195.000000  194.600006  194.750000   349454        0.0           0.0
428 2023-04-04 10:08:00-04:00  194.750000  195.350006  194.750000  194.880005   435015        0.0           0.0
429 2023-04-04 10:09:00-04:00  194.899994  195.089996  194.877106  195.050003   245007        0.0           0.0
430 2023-04-04 10:10:00-04:00  195.035004  195.035004  194.770004  194.914993   288471        0.0           0.0
431 2023-04-04 10:11:00-04:00  194.919998  195.289993  194.880005  195.110001   379795        0.0           0.0
432 2023-04-04 10:12:00-04:00  195.110001  195.300003  194.970093  195.259506   353612        0.0           0.0
433 2023-04-04 10:13:00-04:00  195.269897  195.550003  195.136093  195.219894   478798        0.0           0.0
434 2023-04-04 10:14:00-04:00  195.229996  195.869995  195.184998  195.865097   599035        0.0           0.0
435 2023-04-04 10:15:00-04:00  195.850098  196.000000  195.690002  195.869995   542613        0.0           0.0
436 2023-04-04 10:16:00-04:00  195.860107  195.939896  195.649994  195.709900   451997        0.0           0.0
437 2023-04-04 10:17:00-04:00  195.710007  195.800003  195.360001  195.419907   451750        0.0           0.0
438 2023-04-04 10:18:00-04:00  195.409302  195.630005  195.190002  195.391495   432983        0.0           0.0
439 2023-04-04 10:19:00-04:00  195.389999  195.449905  194.800003  194.850006   559590        0.0           0.0
440 2023-04-04 10:20:00-04:00  194.860001  194.970001  194.169998  194.179993   706621        0.0           0.0
441 2023-04-04 10:21:00-04:00  194.179993  194.231293  193.669998  193.729996   754611        0.0           0.0
442 2023-04-04 10:22:00-04:00  193.699997  193.839905  193.410004  193.432205   636025        0.0           0.0
443 2023-04-04 10:23:00-04:00  193.440002  193.440002  192.800003  192.889999   996788        0.0           0.0
444 2023-04-04 10:24:00-04:00  192.897293  193.380005  192.830002  193.225006   620768        0.0           0.0
445 2023-04-04 10:25:00-04:00  193.239899  193.439896  193.000000  193.380005   507271        0.0           0.0
446 2023-04-04 10:26:00-04:00  193.399994  193.539993  193.199997  193.300003   488815        0.0           0.0
447 2023-04-04 10:27:00-04:00  193.300003  193.600906  193.199997  193.440002   378702        0.0           0.0
448 2023-04-04 10:28:00-04:00  193.455002  193.779999  193.440094  193.500793   386748        0.0           0.0
449 2023-04-04 10:29:00-04:00  193.490097  193.729996  193.490005  193.720001   293176        0.0           0.0
450 2023-04-04 10:30:00-04:00  193.729996  193.889297  193.619995  193.690002   421713        0.0           0.0
451 2023-04-04 10:31:00-04:00  193.690002  193.830002  193.520004  193.770004   402238        0.0           0.0
452 2023-04-04 10:32:00-04:00  193.789993  193.990005  193.755005  193.911896   336426        0.0           0.0
453 2023-04-04 10:33:00-04:00  193.916107  194.059998  193.619995  193.627106   381429        0.0           0.0
454 2023-04-04 10:34:00-04:00  193.621796  193.740005  193.330002  193.380005   408548        0.0           0.0
455 2023-04-04 10:35:00-04:00  193.369995  193.550003  193.250000  193.529999   416031        0.0           0.0
456 2023-04-04 10:36:00-04:00  193.547897  193.610001  193.190002  193.199997   365605        0.0           0.0
457 2023-04-04 10:37:00-04:00  193.210007  193.464996  193.199997  193.360001   262968        0.0           0.0
458 2023-04-04 10:38:00-04:00  193.380005  193.500000  193.140106  193.154999   331177        0.0           0.0
459 2023-04-04 10:39:00-04:00  193.166107  193.183594  192.669998  192.701904   736938        0.0           0.0
460 2023-04-04 10:40:00-04:00  192.701508  192.720001  192.320007  192.440002   672279        0.0           0.0
461 2023-04-04 10:41:00-04:00  192.440002  192.600006  192.270004  192.440002   499970        0.0           0.0
462 2023-04-04 10:42:00-04:00  192.449295  192.600006  192.360001  192.529999   338061        0.0           0.0
463 2023-04-04 10:43:00-04:00  192.509995  192.559906  192.360001  192.370102   289953        0.0           0.0
464 2023-04-04 10:44:00-04:00  192.369995  192.820007  192.309998  192.820007   485025        0.0           0.0
465 2023-04-04 10:45:00-04:00  192.839996  192.929993  192.710007  192.720001   333613        0.0           0.0
466 2023-04-04 10:46:00-04:00  192.725006  192.725006  192.332901  192.520004   314746        0.0           0.0
467 2023-04-04 10:47:00-04:00  192.509995  192.979996  192.460297  192.759995   326898        0.0           0.0
468 2023-04-04 10:48:00-04:00  192.789993  192.979904  192.692307  192.907898   292161        0.0           0.0
469 2023-04-04 10:49:00-04:00  192.909897  192.970001  192.520004  192.539993   239054        0.0           0.0
470 2023-04-04 10:50:00-04:00  192.550003  192.738297  192.380005  192.460007   378272        0.0           0.0
471 2023-04-04 10:51:00-04:00  192.451996  192.641006  192.300003  192.617798   409526        0.0           0.0
472 2023-04-04 10:52:00-04:00  192.617798  192.800003  192.479996  192.510101   261028        0.0           0.0
473 2023-04-04 10:53:00-04:00  192.520004  192.720001  192.440002  192.719894   240064        0.0           0.0
474 2023-04-04 10:54:00-04:00  192.740005  192.899994  192.660004  192.800003   323710        0.0           0.0
475 2023-04-04 10:55:00-04:00  192.785004  193.190002  192.720001  193.049698   427489        0.0           0.0
476 2023-04-04 10:56:00-04:00  193.039902  193.117203  192.889999  192.970093   202865        0.0           0.0
477 2023-04-04 10:58:00-04:00  192.565094  192.679596  192.490005  192.570007   615436        0.0           0.0
478 2023-04-04 10:59:00-04:00  192.579895  192.820007  192.539993  192.690002   229203        0.0           0.0
479 2023-04-04 11:00:00-04:00  192.690002  192.809906  192.580002  192.640503   210784        0.0           0.0
480 2023-04-04 11:01:00-04:00  192.649994  192.960007  192.630005  192.820206   214839        0.0           0.0
481 2023-04-04 11:02:00-04:00  192.812698  192.880005  192.590103  192.776001   217570        0.0           0.0
482 2023-04-04 11:03:00-04:00  192.770004  193.000000  192.759995  192.929901   252693        0.0           0.0
483 2023-04-04 11:04:00-04:00  192.926102  193.139999  192.820007  193.139999   254316        0.0           0.0
484 2023-04-04 11:05:00-04:00  193.138306  193.279999  193.039993  193.091293   273714        0.0           0.0
485 2023-04-04 11:06:00-04:00  193.104904  193.169998  192.899994  192.930405   246749        0.0           0.0
486 2023-04-04 11:07:00-04:00  192.946503  193.089905  192.779999  192.839996   206318        0.0           0.0
487 2023-04-04 11:08:00-04:00  192.830002  192.929993  192.509995  192.559998   307124        0.0           0.0
488 2023-04-04 11:09:00-04:00  192.571594  192.595596  192.449997  192.570007    86856        0.0           0.0
489 2023-04-04 11:10:00-04:00  192.119995  192.169998  191.720001  191.729904  1371221        0.0           0.0
490 2023-04-04 11:11:00-04:00  191.720596  191.779999  191.371002  191.779907   548647        0.0           0.0
491 2023-04-04 11:12:00-04:00  191.789902  191.880005  191.600006  191.756699   362902        0.0           0.0
492 2023-04-04 11:13:00-04:00  191.770004  191.880005  191.600006  191.660095   315317        0.0           0.0
493 2023-04-04 11:14:00-04:00  191.690002  191.880005  191.610001  191.789703   272048        0.0           0.0
494 2023-04-04 11:15:00-04:00  191.779999  191.839996  191.639999  191.720001   269340        0.0           0.0
495 2023-04-04 11:16:00-04:00  191.700104  191.750000  191.169998  191.216003   507541        0.0           0.0
496 2023-04-04 11:17:00-04:00  191.200104  191.429993  191.059998  191.070007   468747        0.0           0.0
497 2023-04-04 11:18:00-04:00  191.059998  191.059998  190.690002  190.729996   769837        0.0           0.0
498 2023-04-04 11:19:00-04:00  190.725006  190.970001  190.590393  190.910004   554547        0.0           0.0
499 2023-04-04 11:20:00-04:00  190.900101  191.029999  190.800003  190.939804   363932        0.0           0.0
500 2023-04-04 11:21:00-04:00  190.925003  191.169998  190.880005  191.119995   403691        0.0           0.0
501 2023-04-04 11:22:00-04:00  191.110596  191.279999  191.110596  191.219299   270472        0.0           0.0
502 2023-04-04 11:23:00-04:00  191.210007  191.229996  190.970001  190.970093   309920        0.0           0.0
503 2023-04-04 11:24:00-04:00  190.970001  191.067795  190.779999  190.989304   313124        0.0           0.0
504 2023-04-04 11:25:00-04:00  190.980103  191.160004  190.919998  191.000000   305390        0.0           0.0
505 2023-04-04 11:26:00-04:00  191.000000  191.199997  190.910004  191.169998   251785        0.0           0.0
506 2023-04-04 11:27:00-04:00  191.175003  191.410004  191.020599  191.108505   398017        0.0           0.0
507 2023-04-04 11:28:00-04:00  191.118500  191.169998  190.880997  191.049896   293534        0.0           0.0
508 2023-04-04 11:29:00-04:00  191.059906  191.380005  191.059601  191.228302   289534        0.0           0.0
509 2023-04-04 11:30:00-04:00  191.199997  191.559998  191.100006  191.308701   316001        0.0           0.0
510 2023-04-04 11:31:00-04:00  191.320007  191.500000  191.100098  191.310104   249111        0.0           0.0
511 2023-04-04 11:32:00-04:00  191.330002  191.350006  191.130005  191.190002   167503        0.0           0.0
512 2023-04-04 11:33:00-04:00  191.201294  191.520004  191.190002  191.440094   237407        0.0           0.0
513 2023-04-04 11:34:00-04:00  191.449493  191.610001  191.419998  191.450394   205627        0.0           0.0
514 2023-04-04 11:35:00-04:00  191.429993  191.559692  191.350403  191.544998   173432        0.0           0.0
515 2023-04-04 11:36:00-04:00  191.539993  191.679993  191.322098  191.539993   261264        0.0           0.0
516 2023-04-04 11:37:00-04:00  191.531494  191.739899  191.530106  191.570007   270865        0.0           0.0
517 2023-04-04 11:38:00-04:00  191.570007  191.580002  191.179993  191.228699   264676        0.0           0.0
518 2023-04-04 11:39:00-04:00  191.220001  191.250000  190.949997  190.975006   851943        0.0           0.0
519 2023-04-04 11:40:00-04:00  190.952301  191.139999  190.869995  190.899902   264668        0.0           0.0
520 2023-04-04 11:41:00-04:00  190.886505  191.299896  190.699997  191.206497   405958        0.0           0.0
521 2023-04-04 11:42:00-04:00  191.220093  191.330002  190.945602  190.985001   253340        0.0           0.0
522 2023-04-04 11:43:00-04:00  190.989899  191.330002  190.989899  191.109894   229996        0.0           0.0
523 2023-04-04 11:44:00-04:00  191.110001  191.490005  191.110001  191.410004   244872        0.0           0.0
524 2023-04-04 11:45:00-04:00  191.419998  191.559998  191.390106  191.470001   267850        0.0           0.0
525 2023-04-04 11:46:00-04:00  191.479996  191.619904  191.330002  191.500000   300054        0.0           0.0
526 2023-04-04 11:47:00-04:00  191.500000  191.550003  191.300003  191.429993   200375        0.0           0.0
527 2023-04-04 11:48:00-04:00  191.445007  191.490005  191.259995  191.289093   196013        0.0           0.0
528 2023-04-04 11:49:00-04:00  191.289993  191.399994  191.210007  191.350006   152645        0.0           0.0
529 2023-04-04 11:50:00-04:00  191.350006  191.358200  191.122192  191.184998   197700        0.0           0.0
530 2023-04-04 11:51:00-04:00  191.199997  191.429993  191.169998  191.309906   172108        0.0           0.0
531 2023-04-04 11:52:00-04:00  191.309998  191.539993  191.250000  191.500000   149948        0.0           0.0
532 2023-04-04 11:53:00-04:00  191.508194  191.740005  191.440002  191.665894   323732        0.0           0.0
533 2023-04-04 11:54:00-04:00  191.688202  191.957504  191.675201  191.850006   338851        0.0           0.0
534 2023-04-04 11:55:00-04:00  191.858307  191.919998  191.673294  191.699997   255210        0.0           0.0
535 2023-04-04 11:56:00-04:00  191.710007  191.990005  191.709900  191.858307   226813        0.0           0.0
536 2023-04-04 11:57:00-04:00  191.850006  191.860001  191.610001  191.639999   211788        0.0           0.0
537 2023-04-04 11:58:00-04:00  191.640594  191.774994  191.529999  191.729996   186108        0.0           0.0
538 2023-04-04 11:59:00-04:00  191.710602  191.750000  191.479996  191.629898   178268        0.0           0.0
539 2023-04-04 12:00:00-04:00  191.630005  192.126907  191.580002  192.009506   380993        0.0           0.0
540 2023-04-04 12:01:00-04:00  192.000107  192.199997  191.899994  192.119995   343527        0.0           0.0
541 2023-04-04 12:02:00-04:00  192.130005  192.149902  191.949997  192.077103   214120        0.0           0.0
542 2023-04-04 12:03:00-04:00  192.043198  192.199997  192.011093  192.149994   242842        0.0           0.0
543 2023-04-04 12:04:00-04:00  192.169907  192.289993  192.140106  192.259293   332234        0.0           0.0
544 2023-04-04 12:05:00-04:00  192.242493  192.250000  192.020004  192.048599   197806        0.0           0.0
545 2023-04-04 12:06:00-04:00  192.020004  192.259903  191.869995  192.029999   311012        0.0           0.0
546 2023-04-04 12:07:00-04:00  192.039993  192.059692  191.789993  191.880005   220602        0.0           0.0
547 2023-04-04 12:08:00-04:00  191.871399  191.883499  191.220001  191.229996   391443        0.0           0.0
548 2023-04-04 12:09:00-04:00  191.229996  191.300003  191.029999  191.288300   403267        0.0           0.0
549 2023-04-04 12:10:00-04:00  191.266296  191.619995  191.230103  191.279999   370964        0.0           0.0
550 2023-04-04 12:11:00-04:00  191.272293  191.519302  191.169998  191.399994   201885        0.0           0.0
551 2023-04-04 12:12:00-04:00  191.384003  191.500000  191.229996  191.404999   177269        0.0           0.0
552 2023-04-04 12:13:00-04:00  191.410004  191.569901  191.270096  191.330093   259790        0.0           0.0
553 2023-04-04 12:14:00-04:00  191.339905  191.416794  191.229996  191.240005   160846        0.0           0.0
554 2023-04-04 12:15:00-04:00  191.229996  191.319901  190.740005  190.740005   465795        0.0           0.0
555 2023-04-04 12:16:00-04:00  190.750000  191.059998  190.690002  190.987106   323595        0.0           0.0
556 2023-04-04 12:17:00-04:00  190.985001  190.989105  190.860001  190.863098   165962        0.0           0.0
557 2023-04-04 12:18:00-04:00  190.870102  190.934998  190.750000  190.800003   199922        0.0           0.0
558 2023-04-04 12:19:00-04:00  190.809998  191.141998  190.800003  191.020706   278114        0.0           0.0
559 2023-04-04 12:20:00-04:00  191.025696  191.059998  190.820007  190.984894   209711        0.0           0.0
560 2023-04-04 12:21:00-04:00  190.979507  191.149994  190.979507  191.139893   278784        0.0           0.0
561 2023-04-04 12:22:00-04:00  191.126099  191.199997  190.970001  191.020004   213959        0.0           0.0
562 2023-04-04 12:23:00-04:00  191.024994  191.339996  191.024994  191.259995   239363        0.0           0.0
563 2023-04-04 12:24:00-04:00  191.259995  191.549500  191.200104  191.511795   244561        0.0           0.0
564 2023-04-04 12:25:00-04:00  191.509995  191.789993  191.500000  191.743103   302996        0.0           0.0
565 2023-04-04 12:26:00-04:00  191.758698  191.880005  191.669998  191.789993   245635        0.0           0.0
566 2023-04-04 12:27:00-04:00  191.800003  191.839905  191.600006  191.690002   201374        0.0           0.0
567 2023-04-04 12:28:00-04:00  191.684998  191.770004  191.630005  191.669998   120380        0.0           0.0
568 2023-04-04 12:29:00-04:00  191.660004  191.710007  191.559998  191.639297   149902        0.0           0.0
569 2023-04-04 12:30:00-04:00  191.639999  191.940002  191.625000  191.879898   278111        0.0           0.0
570 2023-04-04 12:31:00-04:00  191.869995  191.889999  191.696594  191.733795   132628        0.0           0.0
571 2023-04-04 12:32:00-04:00  191.738495  191.869995  191.660004  191.740005   130937        0.0           0.0
572 2023-04-04 12:33:00-04:00  191.770493  191.770493  191.380005  191.410004   236230        0.0           0.0
573 2023-04-04 12:34:00-04:00  191.390106  191.580002  191.350006  191.458694   188627        0.0           0.0
574 2023-04-04 12:35:00-04:00  191.460007  191.490005  191.279999  191.289993   197396        0.0           0.0
575 2023-04-04 12:36:00-04:00  191.280106  191.580002  191.199997  191.550095   172002        0.0           0.0
576 2023-04-04 12:37:00-04:00  191.559998  191.639999  191.360107  191.480194   193925        0.0           0.0
577 2023-04-04 12:38:00-04:00  191.488098  191.585800  191.309998  191.585800   111429        0.0           0.0
578 2023-04-04 12:39:00-04:00  191.589996  192.000000  191.589996  191.979996   313540        0.0           0.0
579 2023-04-04 12:40:00-04:00  191.970001  192.339996  191.949997  192.301407   468349        0.0           0.0
580 2023-04-04 12:41:00-04:00  192.309998  192.389999  192.119995  192.350006   266191        0.0           0.0
581 2023-04-04 12:42:00-04:00  192.365005  192.434494  192.200699  192.410004   235558        0.0           0.0
582 2023-04-04 12:43:00-04:00  192.418594  192.470001  192.242203  192.264999   282606        0.0           0.0
583 2023-04-04 12:44:00-04:00  192.270004  192.379593  192.089996  192.290604   263786        0.0           0.0
584 2023-04-04 12:45:00-04:00  192.279999  192.490005  192.179993  192.330002   242861        0.0           0.0
585 2023-04-04 12:46:00-04:00  192.302307  192.335205  192.190002  192.249893   166957        0.0           0.0
586 2023-04-04 12:47:00-04:00  192.220093  192.419907  192.149994  192.279999   225568        0.0           0.0
587 2023-04-04 12:48:00-04:00  192.289993  192.329895  192.190094  192.229996   145754        0.0           0.0
588 2023-04-04 12:49:00-04:00  192.250000  192.389999  192.160004  192.304001   300309        0.0           0.0
589 2023-04-04 12:50:00-04:00  192.312500  192.357697  192.150101  192.191803   148048        0.0           0.0
590 2023-04-04 12:51:00-04:00  192.199997  192.339996  192.119995  192.160004   174288        0.0           0.0
591 2023-04-04 12:52:00-04:00  192.169998  192.199905  192.000000  192.089996   234008        0.0           0.0
592 2023-04-04 12:53:00-04:00  192.080002  192.149902  191.929993  192.050003   254714        0.0           0.0
593 2023-04-04 12:54:00-04:00  192.035004  192.170593  192.020004  192.089996   160845        0.0           0.0
594 2023-04-04 12:55:00-04:00  192.089493  192.330002  192.059998  192.279907   173532        0.0           0.0
595 2023-04-04 12:56:00-04:00  192.279999  192.329895  192.009995  192.074997   238441        0.0           0.0
596 2023-04-04 12:57:00-04:00  192.089401  192.259995  192.009995  192.230103        0        0.0           0.0
597 2023-04-04 12:58:00-04:00  192.270004  192.279999  192.149994  192.220001    99684        0.0           0.0
598 2023-04-04 12:59:00-04:00  192.226501  192.226501  192.011093  192.020004   155321        0.0           0.0
599 2023-04-04 13:00:00-04:00  192.069107  192.069901  191.740005  191.789795   326252        0.0           0.0
600 2023-04-04 13:01:00-04:00  191.779999  191.949997  191.720001  191.860001   148795        0.0           0.0
601 2023-04-04 13:02:00-04:00  191.850006  191.899994  191.710007  191.839996   142975        0.0           0.0
602 2023-04-04 13:03:00-04:00  191.839996  192.033997  191.835007  191.835007   195823        0.0           0.0
603 2023-04-04 13:04:00-04:00  191.854996  191.988297  191.679993  191.975006   179515        0.0           0.0
604 2023-04-04 13:05:00-04:00  191.970001  192.000000  191.839996  191.869995    95166        0.0           0.0
605 2023-04-04 13:06:00-04:00  191.854507  192.014999  191.820007  191.990005   138023        0.0           0.0
606 2023-04-04 13:07:00-04:00  192.000000  192.029999  191.770004  191.829895   177519        0.0           0.0
607 2023-04-04 13:08:00-04:00  191.815002  191.829895  191.649994  191.710007   170947        0.0           0.0
608 2023-04-04 13:09:00-04:00  191.710007  191.750000  191.520004  191.559998   206255        0.0           0.0
609 2023-04-04 13:10:00-04:00  191.550003  191.619904  191.330002  191.580002   344734        0.0           0.0
610 2023-04-04 13:11:00-04:00  191.600006  191.610001  191.410004  191.489899   149240        0.0           0.0
611 2023-04-04 13:12:00-04:00  191.529999  191.529999  191.529999  191.529999        0        0.0           0.0
current time: 13:12:26:545000 check macd: 2023-04-04 13:12:00-04:00
{'macd_sign': -1, 'peak': -0.04950523360355507, 'peak_date': '2023-04-04', 'r': 0.1796748015208511, 'accum': -0.14950407150772377, 'len': 5, 'pre_macd_sign': 1, 'pre_peak': 0.03689314312053841, 'pre_peak_date': '2023-04-04', 'pre_accum': 0.08675745673939657, 'pre_len': 4}
current time: 13:13:01:917000 check macd: 2023-04-04 13:13:00.008000-04:00
{'macd_sign': -1, 'peak': -0.04950523360355507, 'peak_date': '2023-04-04', 'r': 0.10395341746826552, 'accum': -0.15465030972337815, 'len': 6, 'pre_macd_sign': 1, 'pre_peak': 0.03689314312053841, 'pre_peak_date': '2023-04-04', 'pre_accum': 0.08675745673939657, 'pre_len': 4}
current time: 13:14:02:013000 check macd: 2023-04-04 13:14:00.300000-04:00
{'macd_sign': 1, 'peak': 0.01809963963255931, 'peak_date': '2023-04-04', 'r': 1.0, 'accum': 0.01809963963255931, 'len': 1, 'pre_macd_sign': -1, 'pre_peak': -0.04950523360355507, 'pre_peak_date': '2023-04-04', 'pre_accum': -0.15465030972337815, 'pre_len': 6}
{'date': datetime.datetime(2023, 4, 4, 13, 14, 2, 13000), 'action_type': 'buy', 'fitness': {'date': Timestamp('2023-04-04 13:14:00.300000-0400', tz='America/New_York'), 'accum': -0.15465030972337815, 'l': 6}, 'price': 191.5286, 'share': 5, 'value': 957.643, 'status': 'done'}
{'tname': 'min_macd_1_finnhub_TSLA_macd', 'symbol': 'TSLA', 'share': 5.0, 'cash': 0.0, 'init_investment': 1000, 'actions': [{'date': datetime.datetime(2023, 4, 4, 13, 14, 2, 13000), 'action_type': 'buy', 'fitness': {'date': Timestamp('2023-04-04 13:14:00.300000-0400', tz='America/New_York'), 'accum': -0.15465030972337815, 'l': 6}, 'price': 191.5286, 'share': 5, 'value': 957.643, 'status': 'done'}]}
{'date': datetime.datetime(2023, 4, 4, 13, 14, 2, 13000), 'action_type': 'sell', 'fitness': {'date': Timestamp('2023-04-04 13:14:00.300000-0400', tz='America/New_York'), 'model_predict': 1.8819355, 'accum': -0.15465030972337815, 'l': 6}, 'price': 191.5286, 'share': 0, 'value': 0, 'status': 'done'}
{'tname': 'min_macd_1_finnhub_TSLA_rl', 'symbol': 'TSLA', 'share': 0.0, 'cash': 0.0, 'init_investment': 1000, 'actions': [{'date': datetime.datetime(2023, 4, 4, 13, 14, 2, 13000), 'action_type': 'sell', 'fitness': {'date': Timestamp('2023-04-04 13:14:00.300000-0400', tz='America/New_York'), 'model_predict': 1.8819355, 'accum': -0.15465030972337815, 'l': 6}, 'price': 191.5286, 'share': 0, 'value': 0, 'status': 'done'}]}
current time: 13:15:02:907000 check macd: 2023-04-04 13:15:01.028000-04:00
{'macd_sign': 1, 'peak': 0.0428520423232272, 'peak_date': '2023-04-04', 'r': 1.0, 'accum': 0.06095168195578651, 'len': 2, 'pre_macd_sign': -1, 'pre_peak': -0.04950523360355507, 'pre_peak_date': '2023-04-04', 'pre_accum': -0.15465030972337815, 'pre_len': 6}
current time: 13:16:04:289000 check macd: 2023-04-04 13:16:01.143000-04:00
{'macd_sign': 1, 'peak': 0.08461342813055528, 'peak_date': '2023-04-04', 'r': 1.0, 'accum': 0.1455651100863418, 'len': 3, 'pre_macd_sign': -1, 'pre_peak': -0.04950523360355507, 'pre_peak_date': '2023-04-04', 'pre_accum': -0.15465030972337815, 'pre_len': 6}
current time: 13:17:05:516000 check macd: 2023-04-04 13:17:01.247000-04:00
{'macd_sign': 1, 'peak': 0.11093032435855082, 'peak_date': '2023-04-04', 'r': 1.0, 'accum': 0.25649543444489264, 'len': 4, 'pre_macd_sign': -1, 'pre_peak': -0.04950523360355507, 'pre_peak_date': '2023-04-04', 'pre_accum': -0.15465030972337815, 'pre_len': 6}
current time: 13:18:03:576000 check macd: 2023-04-04 13:18:01.252000-04:00
{'macd_sign': 1, 'peak': 0.12777016119917467, 'peak_date': '2023-04-04', 'r': 1.0, 'accum': 0.38426559564406726, 'len': 5, 'pre_macd_sign': -1, 'pre_peak': -0.04950523360355507, 'pre_peak_date': '2023-04-04', 'pre_accum': -0.15465030972337815, 'pre_len': 6}
current time: 13:19:03:335000 check macd: 2023-04-04 13:19:01.332000-04:00
{'macd_sign': 1, 'peak': 0.12777016119917467, 'peak_date': '2023-04-04', 'r': 0.623956701558275, 'accum': 0.4639886439834734, 'len': 6, 'pre_macd_sign': -1, 'pre_peak': -0.04950523360355507, 'pre_peak_date': '2023-04-04', 'pre_accum': -0.15465030972337815, 'pre_len': 6}
current time: 13:20:03:841000 check macd: 2023-04-04 13:20:01.546000-04:00
{'macd_sign': 1, 'peak': 0.12777016119917467, 'peak_date': '2023-04-04', 'r': 0.22141839350643427, 'accum': 0.4922793078142528, 'len': 7, 'pre_macd_sign': -1, 'pre_peak': -0.04950523360355507, 'pre_peak_date': '2023-04-04', 'pre_accum': -0.15465030972337815, 'pre_len': 6}
current time: 13:21:05:341000 check macd: 2023-04-04 13:21:01.971000-04:00
{'macd_sign': 1, 'peak': 0.12777016119917467, 'peak_date': '2023-04-04', 'r': 0.001997215554463445, 'accum': 0.49253449236759606, 'len': 8, 'pre_macd_sign': -1, 'pre_peak': -0.04950523360355507, 'pre_peak_date': '2023-04-04', 'pre_accum': -0.15465030972337815, 'pre_len': 6}
current time: 13:22:06:114000 check macd: 2023-04-04 13:22:02.842000-04:00
{'macd_sign': -1, 'peak': -0.0514740198257438, 'peak_date': '2023-04-04', 'r': 1.0, 'accum': -0.0514740198257438, 'len': 1, 'pre_macd_sign': 1, 'pre_peak': 0.12777016119917467, 'pre_peak_date': '2023-04-04', 'pre_accum': 0.49253449236759606, 'pre_len': 8}
{'date': datetime.datetime(2023, 4, 4, 13, 22, 6, 114000), 'action_type': 'sell', 'fitness': {'date': Timestamp('2023-04-04 13:22:02.842000-0400', tz='America/New_York'), 'accum': 0.49253449236759606, 'l': 8}, 'price': 191.8487, 'share': -5.0, 'value': -959.2435, 'status': 'done'}
{'tname': 'min_macd_1_finnhub_TSLA_macd', 'symbol': 'TSLA', 'share': 0.0, 'cash': 959.2435, 'init_investment': 1000, 'actions': [{'date': datetime.datetime(2023, 4, 4, 13, 14, 2, 13000), 'action_type': 'buy', 'fitness': {'date': Timestamp('2023-04-04 13:14:00.300000-0400', tz='America/New_York'), 'accum': -0.15465030972337815, 'l': 6}, 'price': 191.5286, 'share': 5, 'value': 957.643, 'status': 'done'}, {'date': datetime.datetime(2023, 4, 4, 13, 22, 6, 114000), 'action_type': 'sell', 'fitness': {'date': Timestamp('2023-04-04 13:22:02.842000-0400', tz='America/New_York'), 'accum': 0.49253449236759606, 'l': 8}, 'price': 191.8487, 'share': -5.0, 'value': -959.2435, 'status': 'done'}]}
{'date': datetime.datetime(2023, 4, 4, 13, 22, 6, 114000), 'action_type': 'buy', 'fitness': {'date': Timestamp('2023-04-04 13:22:02.842000-0400', tz='America/New_York'), 'model_predict': 0.0, 'accum': 0.49253449236759606, 'l': 8}, 'price': 191.8487, 'share': 5, 'value': 959.2435, 'status': 'done'}
{'tname': 'min_macd_1_finnhub_TSLA_rl', 'symbol': 'TSLA', 'share': 5.0, 'cash': 0.0, 'init_investment': 1000, 'actions': [{'date': datetime.datetime(2023, 4, 4, 13, 14, 2, 13000), 'action_type': 'sell', 'fitness': {'date': Timestamp('2023-04-04 13:14:00.300000-0400', tz='America/New_York'), 'model_predict': 1.8819355, 'accum': -0.15465030972337815, 'l': 6}, 'price': 191.5286, 'share': 0, 'value': 0, 'status': 'done'}, {'date': datetime.datetime(2023, 4, 4, 13, 22, 6, 114000), 'action_type': 'buy', 'fitness': {'date': Timestamp('2023-04-04 13:22:02.842000-0400', tz='America/New_York'), 'model_predict': 0.0, 'accum': 0.49253449236759606, 'l': 8}, 'price': 191.8487, 'share': 5, 'value': 959.2435, 'status': 'done'}]}
current time: 13:23:04:686000 check macd: 2023-04-04 13:23:02.900000-04:00
{'macd_sign': -1, 'peak': -0.0514740198257438, 'peak_date': '2023-04-04', 'r': 0.3865050804795535, 'accum': -0.07136899000109904, 'len': 2, 'pre_macd_sign': 1, 'pre_peak': 0.12777016119917467, 'pre_peak_date': '2023-04-04', 'pre_accum': 0.49253449236759606, 'pre_len': 8}
current time: 13:24:04:415000 check macd: 2023-04-04 13:24:02.902000-04:00
{'macd_sign': 1, 'peak': 0.026022731326209636, 'peak_date': '2023-04-04', 'r': 1.0, 'accum': 0.026022731326209636, 'len': 1, 'pre_macd_sign': -1, 'pre_peak': -0.0514740198257438, 'pre_peak_date': '2023-04-04', 'pre_accum': -0.07136899000109904, 'pre_len': 2}
{'date': datetime.datetime(2023, 4, 4, 13, 24, 4, 415000), 'action_type': 'buy', 'fitness': {'date': Timestamp('2023-04-04 13:24:02.902000-0400', tz='America/New_York'), 'accum': -0.07136899000109904, 'l': 2}, 'price': 192.255, 'share': 4, 'value': 769.02, 'status': 'done'}
{'tname': 'min_macd_1_finnhub_TSLA_macd', 'symbol': 'TSLA', 'share': 4.0, 'cash': 190.22350000000006, 'init_investment': 1000, 'actions': [{'date': datetime.datetime(2023, 4, 4, 13, 14, 2, 13000), 'action_type': 'buy', 'fitness': {'date': Timestamp('2023-04-04 13:14:00.300000-0400', tz='America/New_York'), 'accum': -0.15465030972337815, 'l': 6}, 'price': 191.5286, 'share': 5, 'value': 957.643, 'status': 'done'}, {'date': datetime.datetime(2023, 4, 4, 13, 22, 6, 114000), 'action_type': 'sell', 'fitness': {'date': Timestamp('2023-04-04 13:22:02.842000-0400', tz='America/New_York'), 'accum': 0.49253449236759606, 'l': 8}, 'price': 191.8487, 'share': -5.0, 'value': -959.2435, 'status': 'done'}, {'date': datetime.datetime(2023, 4, 4, 13, 24, 4, 415000), 'action_type': 'buy', 'fitness': {'date': Timestamp('2023-04-04 13:24:02.902000-0400', tz='America/New_York'), 'accum': -0.07136899000109904, 'l': 2}, 'price': 192.255, 'share': 4, 'value': 769.02, 'status': 'done'}]}
{'date': datetime.datetime(2023, 4, 4, 13, 24, 4, 415000), 'action_type': 'buy', 'fitness': {'date': Timestamp('2023-04-04 13:24:02.902000-0400', tz='America/New_York'), 'model_predict': 0.0, 'accum': -0.07136899000109904, 'l': 2}, 'price': 192.255, 'share': 0, 'value': 0, 'status': 'done'}
{'tname': 'min_macd_1_finnhub_TSLA_rl', 'symbol': 'TSLA', 'share': 5.0, 'cash': 0.0, 'init_investment': 1000, 'actions': [{'date': datetime.datetime(2023, 4, 4, 13, 14, 2, 13000), 'action_type': 'sell', 'fitness': {'date': Timestamp('2023-04-04 13:14:00.300000-0400', tz='America/New_York'), 'model_predict': 1.8819355, 'accum': -0.15465030972337815, 'l': 6}, 'price': 191.5286, 'share': 0, 'value': 0, 'status': 'done'}, {'date': datetime.datetime(2023, 4, 4, 13, 22, 6, 114000), 'action_type': 'buy', 'fitness': {'date': Timestamp('2023-04-04 13:22:02.842000-0400', tz='America/New_York'), 'model_predict': 0.0, 'accum': 0.49253449236759606, 'l': 8}, 'price': 191.8487, 'share': 5, 'value': 959.2435, 'status': 'done'}, {'date': datetime.datetime(2023, 4, 4, 13, 24, 4, 415000), 'action_type': 'buy', 'fitness': {'date': Timestamp('2023-04-04 13:24:02.902000-0400', tz='America/New_York'), 'model_predict': 0.0, 'accum': -0.07136899000109904, 'l': 2}, 'price': 192.255, 'share': 0, 'value': 0, 'status': 'done'}]}
current time: 13:25:04:898000 check macd: 2023-04-04 13:25:02.971000-04:00
{'macd_sign': 1, 'peak': 0.04628054293159915, 'peak_date': '2023-04-04', 'r': 1.0, 'accum': 0.07230327425780879, 'len': 2, 'pre_macd_sign': -1, 'pre_peak': -0.0514740198257438, 'pre_peak_date': '2023-04-04', 'pre_accum': -0.07136899000109904, 'pre_len': 2}
current time: 13:26:05:955000 check macd: 2023-04-04 13:26:02.987000-04:00
{'macd_sign': -1, 'peak': -0.010189209364294197, 'peak_date': '2023-04-04', 'r': 1.0, 'accum': -0.010189209364294197, 'len': 1, 'pre_macd_sign': 1, 'pre_peak': 0.04628054293159915, 'pre_peak_date': '2023-04-04', 'pre_accum': 0.07230327425780879, 'pre_len': 2}
{'date': datetime.datetime(2023, 4, 4, 13, 26, 5, 955000), 'action_type': 'sell', 'fitness': {'date': Timestamp('2023-04-04 13:26:02.987000-0400', tz='America/New_York'), 'accum': 0.07230327425780879, 'l': 2}, 'price': 192.13, 'share': -4.0, 'value': -768.52, 'status': 'done'}
{'tname': 'min_macd_1_finnhub_TSLA_macd', 'symbol': 'TSLA', 'share': 0.0, 'cash': 958.7435, 'init_investment': 1000, 'actions': [{'date': datetime.datetime(2023, 4, 4, 13, 14, 2, 13000), 'action_type': 'buy', 'fitness': {'date': Timestamp('2023-04-04 13:14:00.300000-0400', tz='America/New_York'), 'accum': -0.15465030972337815, 'l': 6}, 'price': 191.5286, 'share': 5, 'value': 957.643, 'status': 'done'}, {'date': datetime.datetime(2023, 4, 4, 13, 22, 6, 114000), 'action_type': 'sell', 'fitness': {'date': Timestamp('2023-04-04 13:22:02.842000-0400', tz='America/New_York'), 'accum': 0.49253449236759606, 'l': 8}, 'price': 191.8487, 'share': -5.0, 'value': -959.2435, 'status': 'done'}, {'date': datetime.datetime(2023, 4, 4, 13, 24, 4, 415000), 'action_type': 'buy', 'fitness': {'date': Timestamp('2023-04-04 13:24:02.902000-0400', tz='America/New_York'), 'accum': -0.07136899000109904, 'l': 2}, 'price': 192.255, 'share': 4, 'value': 769.02, 'status': 'done'}, {'date': datetime.datetime(2023, 4, 4, 13, 26, 5, 955000), 'action_type': 'sell', 'fitness': {'date': Timestamp('2023-04-04 13:26:02.987000-0400', tz='America/New_York'), 'accum': 0.07230327425780879, 'l': 2}, 'price': 192.13, 'share': -4.0, 'value': -768.52, 'status': 'done'}]}
{'date': datetime.datetime(2023, 4, 4, 13, 26, 5, 955000), 'action_type': 'buy', 'fitness': {'date': Timestamp('2023-04-04 13:26:02.987000-0400', tz='America/New_York'), 'model_predict': 0.0, 'accum': 0.07230327425780879, 'l': 2}, 'price': 192.13, 'share': 0, 'value': 0, 'status': 'done'}
{'tname': 'min_macd_1_finnhub_TSLA_rl', 'symbol': 'TSLA', 'share': 5.0, 'cash': 0.0, 'init_investment': 1000, 'actions': [{'date': datetime.datetime(2023, 4, 4, 13, 14, 2, 13000), 'action_type': 'sell', 'fitness': {'date': Timestamp('2023-04-04 13:14:00.300000-0400', tz='America/New_York'), 'model_predict': 1.8819355, 'accum': -0.15465030972337815, 'l': 6}, 'price': 191.5286, 'share': 0, 'value': 0, 'status': 'done'}, {'date': datetime.datetime(2023, 4, 4, 13, 22, 6, 114000), 'action_type': 'buy', 'fitness': {'date': Timestamp('2023-04-04 13:22:02.842000-0400', tz='America/New_York'), 'model_predict': 0.0, 'accum': 0.49253449236759606, 'l': 8}, 'price': 191.8487, 'share': 5, 'value': 959.2435, 'status': 'done'}, {'date': datetime.datetime(2023, 4, 4, 13, 24, 4, 415000), 'action_type': 'buy', 'fitness': {'date': Timestamp('2023-04-04 13:24:02.902000-0400', tz='America/New_York'), 'model_predict': 0.0, 'accum': -0.07136899000109904, 'l': 2}, 'price': 192.255, 'share': 0, 'value': 0, 'status': 'done'}, {'date': datetime.datetime(2023, 4, 4, 13, 26, 5, 955000), 'action_type': 'buy', 'fitness': {'date': Timestamp('2023-04-04 13:26:02.987000-0400', tz='America/New_York'), 'model_predict': 0.0, 'accum': 0.07230327425780879, 'l': 2}, 'price': 192.13, 'share': 0, 'value': 0, 'status': 'done'}]}
current time: 13:27:04:654000 check macd: 2023-04-04 13:27:03.073000-04:00
{'macd_sign': -1, 'peak': -0.04183398814082306, 'peak_date': '2023-04-04', 'r': 1.0, 'accum': -0.052023197505117254, 'len': 2, 'pre_macd_sign': 1, 'pre_peak': 0.04628054293159915, 'pre_peak_date': '2023-04-04', 'pre_accum': 0.07230327425780879, 'pre_len': 2}
current time: 13:28:04:930000 check macd: 2023-04-04 13:28:03.198000-04:00
{'macd_sign': -1, 'peak': -0.04183398814082306, 'peak_date': '2023-04-04', 'r': 0.4705381238149102, 'accum': -0.07170768379659534, 'len': 3, 'pre_macd_sign': 1, 'pre_peak': 0.04628054293159915, 'pre_peak_date': '2023-04-04', 'pre_accum': 0.07230327425780879, 'pre_len': 2}
current time: 13:29:05:758000 check macd: 2023-04-04 13:29:03.924000-04:00
{'macd_sign': 1, 'peak': 0.004966171718147672, 'peak_date': '2023-04-04', 'r': 1.0, 'accum': 0.004966171718147672, 'len': 1, 'pre_macd_sign': -1, 'pre_peak': -0.04183398814082306, 'pre_peak_date': '2023-04-04', 'pre_accum': -0.07170768379659534, 'pre_len': 3}
{'date': datetime.datetime(2023, 4, 4, 13, 29, 5, 758000), 'action_type': 'buy', 'fitness': {'date': Timestamp('2023-04-04 13:29:03.924000-0400', tz='America/New_York'), 'accum': -0.07170768379659534, 'l': 3}, 'price': 192.3099, 'share': 4, 'value': 769.2396, 'status': 'done'}
{'tname': 'min_macd_1_finnhub_TSLA_macd', 'symbol': 'TSLA', 'share': 4.0, 'cash': 189.50390000000004, 'init_investment': 1000, 'actions': [{'date': datetime.datetime(2023, 4, 4, 13, 14, 2, 13000), 'action_type': 'buy', 'fitness': {'date': Timestamp('2023-04-04 13:14:00.300000-0400', tz='America/New_York'), 'accum': -0.15465030972337815, 'l': 6}, 'price': 191.5286, 'share': 5, 'value': 957.643, 'status': 'done'}, {'date': datetime.datetime(2023, 4, 4, 13, 22, 6, 114000), 'action_type': 'sell', 'fitness': {'date': Timestamp('2023-04-04 13:22:02.842000-0400', tz='America/New_York'), 'accum': 0.49253449236759606, 'l': 8}, 'price': 191.8487, 'share': -5.0, 'value': -959.2435, 'status': 'done'}, {'date': datetime.datetime(2023, 4, 4, 13, 24, 4, 415000), 'action_type': 'buy', 'fitness': {'date': Timestamp('2023-04-04 13:24:02.902000-0400', tz='America/New_York'), 'accum': -0.07136899000109904, 'l': 2}, 'price': 192.255, 'share': 4, 'value': 769.02, 'status': 'done'}, {'date': datetime.datetime(2023, 4, 4, 13, 26, 5, 955000), 'action_type': 'sell', 'fitness': {'date': Timestamp('2023-04-04 13:26:02.987000-0400', tz='America/New_York'), 'accum': 0.07230327425780879, 'l': 2}, 'price': 192.13, 'share': -4.0, 'value': -768.52, 'status': 'done'}, {'date': datetime.datetime(2023, 4, 4, 13, 29, 5, 758000), 'action_type': 'buy', 'fitness': {'date': Timestamp('2023-04-04 13:29:03.924000-0400', tz='America/New_York'), 'accum': -0.07170768379659534, 'l': 3}, 'price': 192.3099, 'share': 4, 'value': 769.2396, 'status': 'done'}]}
{'date': datetime.datetime(2023, 4, 4, 13, 29, 5, 758000), 'action_type': 'buy', 'fitness': {'date': Timestamp('2023-04-04 13:29:03.924000-0400', tz='America/New_York'), 'model_predict': 0.0, 'accum': -0.07170768379659534, 'l': 3}, 'price': 192.3099, 'share': 0, 'value': 0, 'status': 'done'}
{'tname': 'min_macd_1_finnhub_TSLA_rl', 'symbol': 'TSLA', 'share': 5.0, 'cash': 0.0, 'init_investment': 1000, 'actions': [{'date': datetime.datetime(2023, 4, 4, 13, 14, 2, 13000), 'action_type': 'sell', 'fitness': {'date': Timestamp('2023-04-04 13:14:00.300000-0400', tz='America/New_York'), 'model_predict': 1.8819355, 'accum': -0.15465030972337815, 'l': 6}, 'price': 191.5286, 'share': 0, 'value': 0, 'status': 'done'}, {'date': datetime.datetime(2023, 4, 4, 13, 22, 6, 114000), 'action_type': 'buy', 'fitness': {'date': Timestamp('2023-04-04 13:22:02.842000-0400', tz='America/New_York'), 'model_predict': 0.0, 'accum': 0.49253449236759606, 'l': 8}, 'price': 191.8487, 'share': 5, 'value': 959.2435, 'status': 'done'}, {'date': datetime.datetime(2023, 4, 4, 13, 24, 4, 415000), 'action_type': 'buy', 'fitness': {'date': Timestamp('2023-04-04 13:24:02.902000-0400', tz='America/New_York'), 'model_predict': 0.0, 'accum': -0.07136899000109904, 'l': 2}, 'price': 192.255, 'share': 0, 'value': 0, 'status': 'done'}, {'date': datetime.datetime(2023, 4, 4, 13, 26, 5, 955000), 'action_type': 'buy', 'fitness': {'date': Timestamp('2023-04-04 13:26:02.987000-0400', tz='America/New_York'), 'model_predict': 0.0, 'accum': 0.07230327425780879, 'l': 2}, 'price': 192.13, 'share': 0, 'value': 0, 'status': 'done'}, {'date': datetime.datetime(2023, 4, 4, 13, 29, 5, 758000), 'action_type': 'buy', 'fitness': {'date': Timestamp('2023-04-04 13:29:03.924000-0400', tz='America/New_York'), 'model_predict': 0.0, 'accum': -0.07170768379659534, 'l': 3}, 'price': 192.3099, 'share': 0, 'value': 0, 'status': 'done'}]}
current time: 13:30:06:683000 check macd: 2023-04-04 13:30:04.105000-04:00
{'macd_sign': -1, 'peak': -0.015241327470711316, 'peak_date': '2023-04-04', 'r': 1.0, 'accum': -0.015241327470711316, 'len': 1, 'pre_macd_sign': 1, 'pre_peak': 0.004966171718147672, 'pre_peak_date': '2023-04-04', 'pre_accum': 0.004966171718147672, 'pre_len': 1}
{'date': datetime.datetime(2023, 4, 4, 13, 30, 6, 683000), 'action_type': 'sell', 'fitness': {'date': Timestamp('2023-04-04 13:30:04.105000-0400', tz='America/New_York'), 'accum': 0.004966171718147672, 'l': 1}, 'price': 192.2, 'share': -4.0, 'value': -768.8, 'status': 'done'}
{'tname': 'min_macd_1_finnhub_TSLA_macd', 'symbol': 'TSLA', 'share': 0.0, 'cash': 958.3039, 'init_investment': 1000, 'actions': [{'date': datetime.datetime(2023, 4, 4, 13, 14, 2, 13000), 'action_type': 'buy', 'fitness': {'date': Timestamp('2023-04-04 13:14:00.300000-0400', tz='America/New_York'), 'accum': -0.15465030972337815, 'l': 6}, 'price': 191.5286, 'share': 5, 'value': 957.643, 'status': 'done'}, {'date': datetime.datetime(2023, 4, 4, 13, 22, 6, 114000), 'action_type': 'sell', 'fitness': {'date': Timestamp('2023-04-04 13:22:02.842000-0400', tz='America/New_York'), 'accum': 0.49253449236759606, 'l': 8}, 'price': 191.8487, 'share': -5.0, 'value': -959.2435, 'status': 'done'}, {'date': datetime.datetime(2023, 4, 4, 13, 24, 4, 415000), 'action_type': 'buy', 'fitness': {'date': Timestamp('2023-04-04 13:24:02.902000-0400', tz='America/New_York'), 'accum': -0.07136899000109904, 'l': 2}, 'price': 192.255, 'share': 4, 'value': 769.02, 'status': 'done'}, {'date': datetime.datetime(2023, 4, 4, 13, 26, 5, 955000), 'action_type': 'sell', 'fitness': {'date': Timestamp('2023-04-04 13:26:02.987000-0400', tz='America/New_York'), 'accum': 0.07230327425780879, 'l': 2}, 'price': 192.13, 'share': -4.0, 'value': -768.52, 'status': 'done'}, {'date': datetime.datetime(2023, 4, 4, 13, 29, 5, 758000), 'action_type': 'buy', 'fitness': {'date': Timestamp('2023-04-04 13:29:03.924000-0400', tz='America/New_York'), 'accum': -0.07170768379659534, 'l': 3}, 'price': 192.3099, 'share': 4, 'value': 769.2396, 'status': 'done'}, {'date': datetime.datetime(2023, 4, 4, 13, 30, 6, 683000), 'action_type': 'sell', 'fitness': {'date': Timestamp('2023-04-04 13:30:04.105000-0400', tz='America/New_York'), 'accum': 0.004966171718147672, 'l': 1}, 'price': 192.2, 'share': -4.0, 'value': -768.8, 'status': 'done'}]}
